57
0 1 1
1 1 1
2 1 1
3 1 1
4 1 1
5 1 1
6 1 1
7 1 1
8 1 1
9 1 1
10 1 1
11 1 1
12 1 1
13 1 1
14 1 1
15 1 1
16 1 1
17 1 1
18 1 1
19 1 1
20 1 1
21 1 1
22 1 1
23 1 1
24 1 1
25 1 1
26 1 1
27 75 1.1358970002951907
28 79 1.1964781736442676
29 63 0.9541534802479603
30 67 1.014734653597037
31 84 1.2722046403306135
32 89 1.3479311070169597
33 71 1.0753158269461138
34 86 1.302495227005152
35 70 1.0601705336088447
36 99 1.4993840403896517
37 64 0.9692987735852293
38 77 1.1661875869697291
39 74 1.1207517069579214
40 82 1.241914053656075
41 80 1.211623466981537
42 73 1.1056064136206523
43 72 1.090461120283383
44 76 1.1510422936324598
45 78 1.1813328803069982
46 83 1.2570593469933442
47 88 1.3327858136796906
48 62 0.9390081869106909
49 98 1.4842387470523823
50 102 1.5448199204014592
51 53 0.8027005468752682
52 69 1.0450252402715756
53 85 1.2873499336678829
54 66 0.9995893602597679
55 60 0.9087176002361526
56 81 1.226768760318806
57 68 1.029879946934306