t = 0
b = 105 105 105
E = 0 0 0
-13.510465621948242 -12.800590515136719 -13.047469139099121 1 1 0 0 0 -1 0 0 0 0 0 0
10.00153636932373 1.2126270532608032 20.32890510559082 1 1 0 0 0 -1 0 0 0 0 0 0
3.1061244010925293 19.385284423828125 -11.01069164276123 1 1 0 0 0 -1 0 0 0 0 0 0
18.069412231445312 -14.743019104003906 -3.028090000152588 1 1 0 0 0 -1 0 0 0 0 0 0
-16.85872459411621 15.677659034729004 -0.520969569683075 1 1 0 0 0 -1 0 0 0 0 0 0
4.6124091148376465 -22.78781509399414 6.693975925445557 1 1 0 0 0 -1 0 0 0 0 0 0
-20.914936065673828 -11.875007629394531 8.521535873413086 1 1 0 0 0 -1 0 0 0 0 0 0
10.413818359375 7.306617259979248 -18.562137603759766 1 1 0 0 0 -1 0 0 0 0 0 0
-10.459206581115723 -6.120540618896484 21.43174934387207 1 1 0 0 0 -1 0 0 0 0 0 0
10.876126289367676 18.864412307739258 2.1662981510162354 1 1 0 0 0 -1 0 0 0 0 0 0
6.916832447052002 18.240432739257812 13.984642028808594 1 1 0 0 0 -1 0 0 0 0 0 0
-23.568422317504883 0.11024252325296402 -9.14821720123291 1 1 0 0 0 -1 0 0 0 0 0 0
-8.474663734436035 -1.279205560684204 -20.832740783691406 1 1 0 0 0 -1 0 0 0 0 0 0
3.2366390228271484 -20.806785583496094 -11.49185562133789 1 1 0 0 0 -1 0 0 0 0 0 0
20.857412338256836 7.646552085876465 5.210513114929199 1 1 0 0 0 -1 0 0 0 0 0 0
-12.529094696044922 15.755269050598145 -13.816871643066406 1 1 0 0 0 -1 0 0 0 0 0 0
-8.63454818725586 -21.74884796142578 -5.931727409362793 1 1 0 0 0 -1 0 0 0 0 0 0
-21.851362228393555 4.805932521820068 8.487300872802734 1 1 0 0 0 -1 0 0 0 0 0 0
3.725829601287842 -16.104042053222656 16.76719093322754 1 1 0 0 0 -1 0 0 0 0 0 0
-3.736436367034912 20.340003967285156 12.360291481018066 1 1 0 0 0 -1 0 0 0 0 0 0
-3.3126957416534424 5.3622212409973145 24.407455444335938 1 1 0 0 0 -1 0 0 0 0 0 0
19.820026397705078 10.951578140258789 -8.223421096801758 1 1 0 0 0 -1 0 0 0 0 0 0
17.253265380859375 -2.9618327617645264 14.499077796936035 1 1 0 0 0 -1 0 0 0 0 0 0
17.38050079345703 -9.88592529296875 -11.472498893737793 1 1 0 0 0 -1 0 0 0 0 0 0
-14.065320014953613 6.152792930603027 18.258207321166992 1 1 0 0 0 -1 0 0 0 0 0 0
1.4364198446273804 -5.4930572509765625 -22.919357299804688 1 1 0 0 0 -1 0 0 0 0 0 0
-0.053613271564245224 6.030552864074707 -22.405778884887695 1 1 0 0 0 -1 0 0 0 0 0 0
-1.6537810564041138 -17.356420516967773 -15.384940147399902 1 1 0 0 0 -1 0 0 0 0 0 0
10.672332763671875 -19.381057739257812 7.519898891448975 1 1 0 0 0 -1 0 0 0 0 0 0
0.5357805490493774 -10.39395809173584 20.517480850219727 1 1 0 0 0 -1 0 0 0 0 0 0
-15.126776695251465 -16.546615600585938 11.364903450012207 1 1 0 0 0 -1 0 0 0 0 0 0
21.116344451904297 -1.9600253105163574 -8.412179946899414 1 1 0 0 0 -1 0 0 0 0 0 0
-10.118547439575195 17.750732421875 11.349207878112793 1 1 0 0 0 -1 0 0 0 0 0 0
-0.34081315994262695 -20.943559646606445 12.162443161010742 1 1 0 0 0 -1 0 0 0 0 0 0
-19.989999771118164 2.9688546657562256 -14.159865379333496 1 1 0 0 0 -1 0 0 0 0 0 0
6.593919277191162 20.75128746032715 7.306267738342285 1 1 0 0 0 -1 0 0 0 0 0 0
11.831033706665039 13.557415008544922 15.04864501953125 1 1 0 0 0 -1 0 0 0 0 0 0
0.6413220167160034 16.85555648803711 17.285213470458984 1 1 0 0 0 -1 0 0 0 0 0 0
-5.990849494934082 22.228702545166016 -5.573890686035156 1 1 0 0 0 -1 0 0 0 0 0 0
21.804929733276367 -5.006202220916748 3.737457275390625 1 1 0 0 0 -1 0 0 0 0 0 0
-1.4073878526687622 -23.403221130371094 -6.261594295501709 1 1 0 0 0 -1 0 0 0 0 0 0
19.79258918762207 11.041792869567871 -1.0108543634414673 1 1 0 0 0 -1 0 0 0 0 0 0
13.683158874511719 -9.276959419250488 13.902444839477539 1 1 0 0 0 -1 0 0 0 0 0 0
-21.34025764465332 -3.6620066165924072 9.852760314941406 1 1 0 0 0 -1 0 0 0 0 0 0
10.13358211517334 -18.19190216064453 -10.793970108032227 1 1 0 0 0 -1 0 0 0 0 0 0
8.919833183288574 18.026464462280273 -10.022004127502441 1 1 0 0 0 -1 0 0 0 0 0 0
-22.46064567565918 -7.4054436683654785 -6.538369178771973 1 1 0 0 0 -1 0 0 0 0 0 0
-16.299802780151367 9.446857452392578 -14.627714157104492 1 1 0 0 0 -1 0 0 0 0 0 0
8.362676620483398 -3.460211992263794 -20.78601837158203 1 1 0 0 0 -1 0 0 0 0 0 0
-20.701814651489258 12.05730152130127 5.5687408447265625 1 1 0 0 0 -1 0 0 0 0 0 0
-17.47449493408203 -17.004600524902344 5.143556118011475 1 1 0 0 0 -1 0 0 0 0 0 0
-23.569005966186523 5.360177993774414 -0.9546707272529602 1 1 0 0 0 -1 0 0 0 0 0 0
-19.67280387878418 -3.220318078994751 -15.264535903930664 1 1 0 0 0 -1 0 0 0 0 0 0
-9.237245559692383 2.1916215419769287 23.098358154296875 1 1 0 0 0 -1 0 0 0 0 0 0
-0.4827510416507721 22.779495239257812 7.201817989349365 1 1 0 0 0 -1 0 0 0 0 0 0
-12.521539688110352 18.599281311035156 -6.676611423492432 1 1 0 0 0 -1 0 0 0 0 0 0
1.790890097618103 -23.254207611083984 -0.05890389904379845 1 1 0 0 0 -1 0 0 0 0 0 0
-18.98740577697754 9.02193546295166 12.537960052490234 1 1 0 0 0 -1 0 0 0 0 0 0
-2.742783784866333 -0.5308777689933777 -23.24883460998535 1 1 0 0 0 -1 0 0 0 0 0 0
-8.245903968811035 -17.79890251159668 -12.088586807250977 1 1 0 0 0 -1 0 0 0 0 0 0
-15.103227615356445 -10.786046028137207 16.09855079650879 1 1 0 0 0 -1 0 0 0 0 0 0
-5.9659037590026855 16.36836814880371 -16.403120040893555 1 1 0 0 0 -1 0 0 0 0 0 0
14.749622344970703 16.61372184753418 -2.84411358833313 1 1 0 0 0 -1 0 0 0 0 0 0
16.31064796447754 8.466739654541016 15.803915023803711 1 1 0 0 0 -1 0 0 0 0 0 0
-1.4804686307907104 11.06129264831543 21.192338943481445 1 1 0 0 0 -1 0 0 0 0 0 0
-2.7973732948303223 -4.793517112731934 23.955421447753906 1 1 0 0 0 -1 0 0 0 0 0 0
10.061704635620117 -15.368646621704102 13.275395393371582 1 1 0 0 0 -1 0 0 0 0 0 0
14.802221298217773 -17.399154663085938 2.1806657314300537 1 1 0 0 0 -1 0 0 0 0 0 0
-0.24818183481693268 -11.531149864196777 -19.57065200805664 1 1 0 0 0 -1 0 0 0 0 0 0
21.817646026611328 -8.093253135681152 -6.847243785858154 1 1 0 0 0 -1 0 0 0 0 0 0
14.159266471862793 11.257497787475586 -14.086587905883789 1 1 0 0 0 -1 0 0 0 0 0 0
2.8648643493652344 0.7500129342079163 23.26723289489746 1 1 0 0 0 -1 0 0 0 0 0 0
21.67441177368164 -1.6352969408035278 9.114441871643066 1 1 0 0 0 -1 0 0 0 0 0 0
6.694269180297852 3.246363401412964 -22.293397903442383 1 1 0 0 0 -1 0 0 0 0 0 0
16.79525375366211 -15.357759475708008 -9.223353385925293 1 1 0 0 0 -1 0 0 0 0 0 0
-14.227119445800781 -1.9270001649856567 -18.036623001098633 1 1 0 0 0 -1 0 0 0 0 0 0
14.7685546875 16.64797592163086 -9.042082786560059 1 1 0 0 0 -1 0 0 0 0 0 0
20.681640625 4.708141326904297 -8.367105484008789 1 1 0 0 0 -1 0 0 0 0 0 0
-2.983410120010376 11.417469024658203 -19.555763244628906 1 1 0 0 0 -1 0 0 0 0 0 0
16.89451026916504 2.3249385356903076 17.444997787475586 1 1 0 0 0 -1 0 0 0 0 0 0
-15.983902931213379 14.72950267791748 10.093989372253418 1 1 0 0 0 -1 0 0 0 0 0 0
21.53232765197754 -8.361519813537598 -1.506219506263733 1 1 0 0 0 -1 0 0 0 0 0 0
13.16632080078125 -6.405788898468018 -16.122526168823242 1 1 0 0 0 -1 0 0 0 0 0 0
-12.908539772033691 -19.675554275512695 0.09583483636379242 1 1 0 0 0 -1 0 0 0 0 0 0
-21.57001495361328 -11.496692657470703 0.4206804037094116 1 1 0 0 0 -1 0 0 0 0 0 0
-18.469343185424805 -7.7619147300720215 -13.156954765319824 1 1 0 0 0 -1 0 0 0 0 0 0
-3.3257579803466797 22.61305809020996 1.0770303010940552 1 1 0 0 0 -1 0 0 0 0 0 0
-7.982159614562988 -19.586572647094727 10.782787322998047 1 1 0 0 0 -1 0 0 0 0 0 0
21.52008819580078 4.590443134307861 11.482306480407715 1 1 0 0 0 -1 0 0 0 0 0 0
-2.69858980178833 20.307849884033203 -11.668776512145996 1 1 0 0 0 -1 0 0 0 0 0 0
12.678065299987793 -19.39410972595215 5.881570816040039 -0.4958487598102309 0.02099991285645568 -0.8681549464552265 -0.13646711812246703 -0.9891708452345197 0.054016336504567206 0 0 0 0 0 0
12.345440864562988 -19.750205993652344 5.915921688079834 0.07323420403914206 0.003700214365619965 -0.9973079062016914 -0.2941406014967352 -0.9554313573307707 -0.025144144054239176 0 0 0 0 0 0
11.941771507263184 -20.069608688354492 5.853336334228516 0.6653385923416486 -0.10891923419634948 -0.7385534225517572 -0.2545250963466238 -0.9631217178065534 -0.08725555580646796 0 0 0 0 0 0
11.77015209197998 -20.461042404174805 5.629755020141602 0.9449507841387336 -0.06615640157914922 -0.3204549049175104 -0.14052791216803212 -0.9664817640160119 -0.21486020042388485 0 0 0 0 0 0
11.636017799377441 -20.809833526611328 5.3093791007995605 0.9430789464033559 -0.1207387096869217 0.3098778224298629 -0.04178797107542197 -0.967406513583729 -0.24975668749639957 0 0 0 0 0 0
11.825885772705078 -21.291772842407227 5.027763366699219 0.6635706622037048 -0.08594057972554979 0.7431609469145788 -0.016522568037242606 -0.9948210502370607 -0.10028999327293947 0 0 0 0 0 0
12.042403221130371 -21.764421463012695 4.814344882965088 0.10086641934611172 0.03203902385413533 0.9943839632650804 -0.08674815606608231 -0.9953915452957239 0.04087088172435024 0 0 0 0 0 0
12.268938064575195 -22.177492141723633 4.828470230102539 -0.4359130625846843 0.11844235275212459 0.8921609781550539 0.007934826362025874 -0.9907580166732187 0.1354089765427483 0 0 0 0 0 0
12.499030113220215 -22.635318756103516 5.104494571685791 -0.8504396230048278 0.23513332352111613 0.4706004332693718 -0.15983825814350502 -0.9677549502803312 0.19468458449904036 0 0 0 0 0 0
12.477946281433105 -22.949073791503906 5.510926246643066 -0.9306118546725339 0.03385083484952447 -0.36443887954352105 -0.017576316556982476 -0.9986983488175553 -0.04788195030883617 0 0 0 0 0 0
12.300115585327148 -23.315515518188477 5.747053623199463 -0.3751564868225211 -0.1588011144523161 -0.9132578039325403 -0.08280664018491005 -0.9755363571361022 0.2036464491389674 0 0 0 0 0 0
12.017810821533203 -23.71261215209961 5.859588623046875 -0.06577904099987542 -0.023145448714272942 -0.9975657401740258 -0.16075889213583147 -0.9864254541006838 0.0334873424075395 0 0 0 0 0 0
11.666086196899414 -24.15155792236328 5.7968854904174805 0.35833376121429705 0.062103301565643865 -0.9315256816151994 -0.16107267133062772 -0.9787100397159488 -0.127209483567938 0 0 0 0 0 0
11.381743431091309 -24.42506980895996 5.553049087524414 0.9107637888544186 -0.09404133696917752 -0.40207654476802485 -0.053206537595726855 -0.9923306810060893 0.11157456650628633 0 0 0 0 0 0
11.381253242492676 -24.737022399902344 5.231873989105225 0.9193624716072583 -0.19319412516572232 0.34270785780551416 -0.1841614751739538 -0.9811208311337379 -0.05904630197731754 0 0 0 0 0 0
11.536005020141602 -25.17013168334961 4.999657154083252 0.626850512125983 -0.1423354375417756 0.7660281056640051 0.06509137534643225 -0.9701680532340351 -0.23353171377693563 0 0 0 0 0 0
11.700307846069336 -25.60000228881836 4.815248966217041 -0.010135249600919757 -0.12231918266892194 0.9924390632511066 0.09100970758855516 -0.9884836276320546 -0.12090223748144405 0 0 0 0 0 0
12.00294303894043 -26.04761505126953 4.868313789367676 -0.5587021094665161 -0.025296173380386946 0.8289825429343941 0.11207581917475501 -0.9926691368494813 0.045243734403932034 0 0 0 0 0 0
12.188641548156738 -26.48101234436035 5.099843502044678 -0.9062968018138716 0.13683478562180162 0.39987791695189134 -0.047402493532067894 -0.9730789383750432 0.22554463704074493 0 0 0 0 0 0
12.142122268676758 -26.960384368896484 5.326047420501709 -0.9211145118719161 0.38924737199129467 -0.005877024487991948 -0.3877972229675464 -0.916152154453308 0.10138315318247633 0 0 0 0 0 0
11.948836326599121 -27.257137298583984 5.646060943603516 -0.7200991531454646 0.08228178751326422 -0.6889752659441459 -0.26108818506076886 -0.9521006912391664 0.15917673625117276 0 0 0 0 0 0
11.495462417602539 -27.479215621948242 5.819298267364502 0.2018573137669953 -0.2785971868930601 -0.9389553942195794 -0.24007166145347994 -0.943518071745055 0.2283401972002719 0 0 0 0 0 0
11.190656661987305 -27.931467056274414 5.8430023193359375 0.5387600492442541 -0.20636407207194482 -0.8167934127404641 -0.285787403787108 -0.9568133137279237 0.053233847405710986 0 0 0 0 0 0
11.046425819396973 -28.311195373535156 5.541264057159424 0.9858694768130019 -0.08135788293889992 -0.14643179153502975 -0.09207463578735531 -0.9934309078502173 -0.06795066425370015 0 0 0 0 0 0
9.609915733337402 -22.996286392211914 1.6582590341567993 -0.8230376383380915 -0.16151858545240072 0.5445372277744767 0.29656013395095415 -0.939859893560065 0.16945638798303087 0 0 0 0 0 0
9.80180549621582 -23.441791534423828 1.8177052736282349 -0.9891737944180012 -0.06543676702715791 0.1313515662553267 0.10067991855231723 -0.9538144560188656 0.2830221501750956 0 0 0 0 0 0
9.626958847045898 -23.82037353515625 2.1655545234680176 -0.858584563782928 -0.05885164523572479 -0.5092828592115853 -0.0892346015356595 -0.9610704519460275 0.26149717452590315 0 0 0 0 0 0
9.412821769714355 -24.333477020263672 2.3839986324310303 -0.41662784523925267 0.05114537323142857 -0.9076372564897914 0.014076065083441332 -0.9979334762698033 -0.06269482699419987 0 0 0 0 0 0
9.045602798461914 -24.69081687927246 2.405815362930298 0.33777283649250345 0.10864272836757013 -0.9349365050636641 0.09474707331246898 -0.9921951693837698 -0.08106625654508945 0 0 0 0 0 0
8.87191390991211 -25.18587875366211 2.3324897289276123 0.7861603772413339 0.14973484299064646 -0.5996093211836605 0.05420799588335368 -0.9831735621756914 -0.17444552106910788 0 0 0 0 0 0
8.904167175292969 -25.57826805114746 1.9664111137390137 0.9668278748412601 0.20487308617174985 0.15254795636912152 0.2286238851315165 -0.9604203749896915 -0.1591346048225586 0 0 0 0 0 0
9.130022048950195 -25.960540771484375 1.7425166368484497 0.6348237800798774 0.20069779450152073 0.7461361561587273 0.2823966254966326 -0.9591340005467678 0.017723287033378568 0 0 0 0 0 0
9.522078514099121 -26.30614471435547 1.6569803953170776 0.2070175930519277 0.23455477144360992 0.9498040720906719 0.25789869115714265 -0.9495796833246066 0.17828822203547967 0 0 0 0 0 0
9.854936599731445 -26.593461990356445 1.6067266464233398 -0.32528371693462993 -0.06830259484687193 0.9431464674346056 0.37653349427077887 -0.9242632484365015 0.06292833449125566 0 0 0 0 0 0
10.176146507263184 -27.02583122253418 1.7840943336486816 -0.8001580484337548 -0.012440704081306674 0.5996601757734512 0.18790080968102169 -0.9546565200809347 0.2309203637364548 0 0 0 0 0 0
10.392170906066895 -27.368228912353516 2.1446430683135986 -0.9872372994209686 -0.15925535689785647 0.0004959146391214167 0.15655526349109147 -0.9699187258930664 0.1864084618122411 0 0 0 0 0 0
10.319300651550293 -27.643539428710938 2.539642810821533 -0.6135769336841324 -0.39892967217048797 -0.6814531995028894 0.3248239904022618 -0.9141140944399516 0.24266189978111252 0 0 0 0 0 0
10.187572479248047 -28.15045928955078 2.6144540309906006 -0.2538721328531218 -0.039114838297442917 -0.9664465684069512 0.07433879119724796 -0.9970155933519683 0.020824282373103378 0 0 0 0 0 0
9.997135162353516 -28.574665069580078 2.623431444168091 0.43891203784259125 0.10034509461861321 -0.8929093375157666 -0.02197881995883943 -0.9922482416863683 -0.12231254368840373 0 0 0 0 0 0
9.76982593536377 -28.956890106201172 2.5807175636291504 0.8773485039369359 0.09346450441681728 -0.4706633500217953 0.10681651554153 -0.9942773483795713 0.0016692833357804834 0 0 0 0 0 0
9.768888473510742 -29.370136260986328 2.3347220420837402 0.990412558914102 0.12251322124922076 -0.06382377115432857 0.11374634738256037 -0.9854269237764639 -0.12647350059827195 0 0 0 0 0 0
9.877324104309082 -29.728410720825195 2.034710645675659 0.7497687784969241 0.03855250719708231 0.6605758722357707 0.11850812859931535 -0.9899838469479193 -0.07673204179537306 0 0 0 0 0 0
10.104104042053223 -30.135421752929688 1.9082740545272827 0.21198197916296682 0.009083817982149606 0.9772313568244823 0.14361947935120495 -0.9893893695272276 -0.02195724521436745 0 0 0 0 0 0
10.493767738342285 -30.464611053466797 1.9389750957489014 -0.32345143995676945 -0.19084028349168652 0.9268004921161325 0.458083416645725 -0.8886088551820153 -0.023105970793009585 0 0 0 0 0 0
10.910411834716797 -30.737972259521484 2.1658544540405273 -0.8353967886053295 -0.31477524019637326 0.45058712115108 0.3672693311217116 -0.9295800790591773 0.03152958981250075 0 0 0 0 0 0
11.03469467163086 -31.12876319885254 2.4005537033081055 -0.9579035784905211 -0.2823952297352497 -0.05170752883120486 0.25770615052568674 -0.9251756269269051 0.27863524422018177 0 0 0 0 0 0
11.085267066955566 -31.481231689453125 2.798170804977417 -0.7973923781505636 -0.19508455384764709 -0.5710581512573418 0.006343015500971918 -0.9489619429551843 0.3153268097975118 0 0 0 0 0 0
10.913115501403809 -31.930173873901367 3.035841941833496 0.1489223264800999 -0.12025746678283526 -0.9815091860796463 0.10483102274742473 -0.9850640695178366 0.13659881264011006 0 0 0 0 0 0
7.33152961730957 -25.705949783325195 2.277297019958496 -0.8035030355137517 0.01605992788760248 0.5950839862039913 -0.1673318484431149 -0.9654257964286828 -0.19988267580421787 0 0 0 0 0 0
7.40723180770874 -26.12932014465332 2.437981605529785 -0.9789891384437331 0.06630433698585353 -0.1928315371148182 -0.005279749153760931 -0.9535839196539242 -0.3010811060600312 0 0 0 0 0 0
7.34706449508667 -26.71426010131836 2.5919926166534424 -0.8640647069041472 0.24589062119904614 -0.4392379590711596 -0.17943313029561186 -0.9657101803081638 -0.18763688177299265 0 0 0 0 0 0
7.086698532104492 -27.13808822631836 2.6992263793945312 -0.27845593938309293 0.23849191397091224 -0.9303676137918658 -0.15887608399684275 -0.9667725404747755 -0.20027292607283947 0 0 0 0 0 0
6.721696376800537 -27.381580352783203 2.5436933040618896 0.4729603041371529 0.01560675663517825 -0.8809455033416211 -0.20156118194436015 -0.9714124262916627 -0.12542323540452124 0 0 0 0 0 0
6.552879810333252 -27.803802490234375 2.2732062339782715 0.8260217676613574 0.20193410141496718 -0.5262230116930806 0.05122516957725691 -0.9566504416618754 -0.2866982986868256 0 0 0 0 0 0
6.362503528594971 -28.036365509033203 1.9640132188796997 0.9853852328079123 -0.16275209870761295 -0.05027621038188689 -0.1664949683207237 -0.8578690938542055 -0.48614817014326556 0 0 0 0 0 0
6.390380382537842 -28.392446517944336 1.5900744199752808 0.8499394236373491 -0.24210959239116253 0.467959315987187 0.020891177468991617 -0.8719854368861344 -0.489085837622044 0 0 0 0 0 0
6.662363529205322 -28.8013973236084 1.3249601125717163 0.2838625456399068 -0.29680499831357743 0.9117723664154935 0.15948232990020178 -0.923028091265674 -0.3501207351529611 0 0 0 0 0 0
6.985654830932617 -29.15542984008789 1.1946451663970947 -0.5079249299178092 -0.235831187081571 0.8284901428307313 0.018485968942587742 -0.9645561508817863 -0.2632293690840114 0 0 0 0 0 0
7.202004432678223 -29.616161346435547 1.2765699625015259 -0.7772465049008963 -0.008172996724852485 0.6291431258019723 -0.05097638324673374 -0.9958105571848631 -0.07591272983008104 0 0 0 0 0 0
7.215728759765625 -30.08439826965332 1.5420926809310913 -0.982224587645349 0.17154895630812475 -0.07619589893502897 -0.1503504163417774 -0.9620301845505742 -0.2277996407359819 0 0 0 0 0 0
7.030068397521973 -30.555681228637695 1.7164406776428223 -0.8125257070853964 0.26042174246292477 -0.5215194065209372 -0.18751951939862274 -0.9638753112010794 -0.1891581727061559 0 0 0 0 0 0
6.740357875823975 -30.89349937438965 1.8376471996307373 -0.16776902583109457 0.13921624824251472 -0.9759469197640638 -0.1510182244373348 -0.9819230289689644 -0.11410811131645798 0 0 0 0 0 0
6.416201591491699 -31.340879440307617 1.774625301361084 0.31195690786940206 0.18282780024500153 -0.9323394677316493 -0.139004309569825 -0.9619683686305709 -0.23514816536655073 0 0 0 0 0 0
6.145455360412598 -31.632457733154297 1.4439729452133179 0.8212834875743483 0.07597873909609688 -0.5654384707844723 -0.17283611426724685 -0.9113850450230748 -0.37350365100395894 0 0 0 0 0 0
5.9478631019592285 -31.829317092895508 0.9717734456062317 0.9852754759734363 -0.16915613457980422 0.024868425348976483 -0.15281350450650005 -0.9364902973403324 -0.31564846875576297 0 0 0 0 0 0
6.089731693267822 -32.10198211669922 0.5474433898925781 0.5720277507234967 -0.37210360302391593 0.7309741178857408 -0.028675356270066316 -0.8997047136925033 -0.4355561411600985 0 0 0 0 0 0
6.355410575866699 -32.51797866821289 0.3497270941734314 0.2075316924205056 -0.24415998112929102 0.947267913663302 0.08317870918611546 -0.9604391341184398 -0.2657780502448491 0 0 0 0 0 0
6.721009254455566 -32.85227584838867 0.33775630593299866 -0.6369773133343936 -0.2646829177094184 0.7240185462887861 0.11927489359716206 -0.9617363768337756 -0.2466508488370312 0 0 0 0 0 0
6.837216854095459 -33.44190216064453 0.4100209176540375 -0.76038896443194 -0.05039195298123103 0.6475100569449551 0.08982345058815933 -0.9955639451633392 0.028003192947311368 0 0 0 0 0 0
6.941395282745361 -33.85311508178711 0.6869922876358032 -0.9899467665515325 0.014305123988765284 -0.14071518333794583 -0.0031503059563672874 -0.9968555385781954 -0.0791777164255038 0 0 0 0 0 0
6.858125686645508 -34.27232360839844 0.8426769375801086 -0.5812302417146887 0.056037358693873544 -0.811807378968003 0.09572321653009662 -0.9859911877694358 -0.13659591303604116 0 0 0 0 0 0
6.7605485916137695 -34.78912353515625 0.9459361433982849 -0.03526469003331372 0.32369795392082595 -0.9455030598915718 0.018628833473993328 -0.9457142255249863 -0.3244650523601482 0 0 0 0 0 0
-18.25650978088379 -20.153657913208008 -3.361649513244629 -0.562770517801174 -0.2690733723289086 -0.7815937976963142 -0.5944823954883972 -0.5252378176516677 0.6088644482665172 0 0 0 0 0 0
-18.73016357421875 -20.178998947143555 -3.0746676921844482 -0.08876824855840769 -0.5914561262590898 -0.801436116454995 -0.2653097274845449 -0.7615044022905927 0.5913728044086266 0 0 0 0 0 0
-19.12093734741211 -20.45220375061035 -2.8735544681549072 0.39553549375352076 -0.5653892589493515 -0.7238001513165505 -0.34139299184593186 -0.8221077761689098 0.45562004947224755 0 0 0 0 0 0
-19.3806209564209 -20.894039154052734 -2.7318544387817383 0.8510731200842502 -0.32745649120114806 -0.4104226975208512 -0.2197123899524288 -0.9320703685347852 0.28804738117334394 0 0 0 0 0 0
-19.458820343017578 -21.33637809753418 -2.85579252243042 0.9273072748742623 -0.05131680083609368 0.3707665086239826 -0.21490964207584953 -0.8840057034493043 0.41514787969099753 0 0 0 0 0 0
-19.426782608032227 -21.84618377685547 -2.9056901931762695 0.6228262228107956 0.3511909054787706 0.6991083207116324 -0.12373486680035936 -0.8381252872083684 0.5312585864527624 0 0 0 0 0 0
-19.374311447143555 -22.31817054748535 -2.613462448120117 0.32926118579643926 0.5601126113798923 0.7601716477882612 -0.08425918361528216 -0.7844222543946442 0.6144771084319665 0 0 0 0 0 0
-19.163284301757812 -22.716236114501953 -2.3156747817993164 -0.35341432204064477 0.6659921141288355 0.6569268002561289 -0.06180053752078811 -0.7173329178126803 0.693984278341007 0 0 0 0 0 0
-18.874980926513672 -22.847644805908203 -1.8469501733779907 -0.8656645944951664 0.46815221380275396 0.1773649191613141 -0.1868986411652282 -0.6308887207172992 0.7530261084466334 0 0 0 0 0 0
-19.04739761352539 -22.951976776123047 -1.3159023523330688 -0.9017904928428747 0.0711926059431152 -0.4262693044041918 -0.35034428505274556 -0.697948463178149 0.6246013325939521 0 0 0 0 0 0
-19.32547378540039 -23.221084594726562 -0.8700131177902222 -0.6832374764791038 -0.22168048714817593 -0.6957329317721087 -0.44562067603882444 -0.6282143528609386 0.6377843992653105 0 0 0 0 0 0
-19.77911376953125 -23.323593139648438 -0.5386001467704773 -0.06530302019316349 -0.5723253011087585 -0.8174223298053586 -0.3460140518443312 -0.755358745176342 0.5565136494389786 0 0 0 0 0 0
-20.221515655517578 -23.555004119873047 -0.3784782588481903 0.3671905785118873 -0.7378286648577628 -0.5663743818061662 -0.3523311804235918 -0.6738652866867619 0.6494369212632486 0 0 0 0 0 0
-20.568897247314453 -23.935062408447266 -0.23072697222232819 0.826506703809302 -0.4683059567106043 -0.3123718928899461 -0.23112022679668912 -0.7882798168843204 0.570261668936524 0 0 0 0 0 0
-20.59157943725586 -24.41118812561035 -0.33744385838508606 0.8285954100921257 -0.11180881040830161 0.5485694452750196 -0.4327766190662269 -0.7495163956130634 0.5009287081978913 0 0 0 0 0 0
-20.618314743041992 -24.863384246826172 -0.22068652510643005 0.6960385419604808 0.14396653873310156 0.7034230475544132 -0.28898061067766395 -0.8406685254763203 0.45800287873094636 0 0 0 0 0 0
-20.44736671447754 -25.359203338623047 -0.2305213063955307 0.2165420083212002 0.4371180723774426 0.87294750668826 -0.14441447780499825 -0.8699841141785232 0.47145742085295483 0 0 0 0 0 0
-20.18768310546875 -25.6635684967041 0.09379411488771439 -0.4323995572960435 0.5800231818075532 0.6903649262643835 0.03885059115417484 -0.7529455862706856 0.6569349858870852 0 0 0 0 0 0
-20.056615829467773 -25.903152465820312 0.5490363836288452 -0.8048748684185506 0.5624024638361407 0.18941994314026006 -0.3261217636237752 -0.6858451628663654 0.6505851272998233 0 0 0 0 0 0
-20.074785232543945 -26.02260398864746 1.0279874801635742 -0.9336163517520097 0.24079743070331439 -0.2652868355345777 -0.35696487218785017 -0.5619436475193534 0.7461872533329397 0 0 0 0 0 0
-20.33889389038086 -26.010189056396484 1.445495367050171 -0.6555975607714303 -0.39476329641749647 -0.6437031754715388 -0.3521444011826017 -0.5942534305230817 0.723088639813471 0 0 0 0 0 0
-20.712406158447266 -26.23491096496582 1.7545416355133057 -0.0779432417596241 -0.582419024730562 -0.8091433313671328 -0.23863925989418786 -0.7771186806921646 0.5823554410808092 0 0 0 0 0 0
-21.12653160095215 -26.393373489379883 1.9698982238769531 0.44725398349537576 -0.6971546910631362 -0.5603027850869398 -0.32898714925777783 -0.7107644756477681 0.6217566371020046 0 0 0 0 0 0
-21.361257553100586 -26.8112850189209 1.931200623512268 0.8982596641162036 -0.4388562824934609 0.02312442729808591 -0.3800239578373874 -0.7492604522821802 0.542393368428773 0 0 0 0 0 0
-11.438216209411621 -20.036104202270508 -6.764875411987305 -0.673870016072665 0.42819109544116507 0.6021225682725414 -0.7388485584551651 -0.39209551297407164 -0.5480546654981823 0 0 0 0 0 0
-11.856319427490234 -20.355592727661133 -6.713811874389648 -0.5758713939508229 0.8148688944162541 0.06603652430260051 -0.7695828520006414 -0.5130607362961279 -0.3801459124833968 0 0 0 0 0 0
-12.306726455688477 -20.493732452392578 -6.583110332489014 -0.17700371251911598 0.7121872166835282 -0.6793077757151168 -0.6676206921469086 -0.59401521390003 -0.4488079066511469 0 0 0 0 0 0
-12.786924362182617 -20.652219772338867 -6.716394424438477 0.26881276024572 0.4459629155635747 -0.8537310922480879 -0.6946287314573437 -0.5242685791165931 -0.492578300765503 0 0 0 0 0 0
-13.200599670410156 -20.768320083618164 -7.094914436340332 0.73602730426855 0.06676115450487807 -0.6736518059207938 -0.5781687570784454 -0.4556165282869487 -0.6768563122924348 0 0 0 0 0 0
-13.475339889526367 -20.739656448364258 -7.45689582824707 0.7713263466274166 -0.4717635934376855 -0.4271940763928787 -0.5969789198500114 -0.30362404414006705 -0.7425823921119761 0 0 0 0 0 0
-13.702113151550293 -20.615283966064453 -7.961816310882568 0.6957478350786085 -0.7177944609810469 -0.026571822827152262 -0.5884458015622603 -0.5483773912452858 -0.5941496237436862 0 0 0 0 0 0
-13.700104713439941 -20.776111602783203 -8.42526912689209 0.31816964986272334 -0.793725379251993 0.5184284871006912 -0.6082279270168277 -0.590369401451834 -0.5305871828702761 0 0 0 0 0 0
-13.748315811157227 -21.222688674926758 -8.684310913085938 -0.17190187648116834 -0.4590360173426897 0.8716281774038831 -0.4998503461275814 -0.7217952841211748 -0.4787078433622849 0 0 0 0 0 0
-13.795652389526367 -21.650148391723633 -9.051004409790039 -0.456104730863991 -0.1427707014192015 0.8783991127612525 -0.6864079226348914 -0.571778225795634 -0.4493482215943999 0 0 0 0 0 0
-13.804471969604492 -22.1583251953125 -8.92967700958252 -0.9160986644998352 0.28731617511515356 0.27966525064586917 -0.40078331434322734 -0.676468424026838 -0.6178698942647262 0 0 0 0 0 0
-14.1233549118042 -22.651012420654297 -9.038891792297363 -0.5732452889942535 0.8132379306542444 0.10016939048979591 -0.7600678139894369 -0.48209238921434705 -0.4357566366665243 0 0 0 0 0 0
-14.635560035705566 -22.763744354248047 -8.928110122680664 -0.24444237121037637 0.7789463744112175 -0.5774863400537436 -0.5880902777691459 -0.5926123889298134 -0.5504183696791999 0 0 0 0 0 0
-15.137487411499023 -22.790433883666992 -9.006996154785156 0.25081534322060206 0.27215590212372665 -0.9289902198324544 -0.7433429128019788 -0.5605986421533284 -0.36492530249753036 0 0 0 0 0 0
-15.532523155212402 -22.85155487060547 -9.263835906982422 0.6313007488052322 -0.14403219482992757 -0.7620459903512562 -0.7417094045054597 -0.39917264603848895 -0.5390068254881267 0 0 0 0 0 0
-15.748804092407227 -22.796537399291992 -9.713855743408203 0.7285808581099589 -0.5332625089473783 -0.42988490290646797 -0.6718692742739708 -0.4342690759054746 -0.6000017066632171 0 0 0 0 0 0
-15.977084159851074 -22.946971893310547 -10.259491920471191 0.6537844733105538 -0.7467129110668761 0.12241605656152019 -0.48816600895421586 -0.5398374962477102 -0.6857619305172284 0 0 0 0 0 0
-15.976481437683105 -23.077375411987305 -10.704547882080078 0.14826401067685946 -0.7989238413458263 0.5828708938240451 -0.4566329708348702 -0.5780992455029901 -0.6762304284009959 0 0 0 0 0 0
-15.940083503723145 -23.493885040283203 -11.038055419921875 -0.35070269807985394 -0.467768901407084 0.8112951820613261 -0.457906084273245 -0.6700404060955377 -0.5842669528433649 0 0 0 0 0 0
-15.909931182861328 -24.024919509887695 -11.176539421081543 -0.7402111806076265 -0.028276723233632402 0.6717796030147329 -0.491753903664339 -0.6586112630579511 -0.5695694008670886 0 0 0 0 0 0
-16.07662582397461 -24.491329193115234 -11.178448677062988 -0.8475662749294728 0.3703202963947427 0.3801240424917733 -0.5297586666200216 -0.6328096164273709 -0.564719173127689 0 0 0 0 0 0
-16.399349212646484 -24.948688507080078 -11.200264930725098 -0.7735906297921581 0.6302488646739827 -0.06590831567357773 -0.5096140755690035 -0.6805695197669138 -0.5264205759145272 0 0 0 0 0 0
-16.84123420715332 -25.21169090270996 -11.134683609008789 -0.1362851762054808 0.6478993748204577 -0.7494349543849028 -0.4748576801056792 -0.7066478295844602 -0.5245560299798527 0 0 0 0 0 0
-17.2122745513916 -25.336925506591797 -11.297661781311035 0.08316491629865137 0.5427868578173146 -0.8357427975626499 -0.7870483609008211 -0.47863837306080503 -0.38917886047039674 0 0 0 0 0 0
-12.66614055633545 -20.179738998413086 -2.7440803050994873 -0.10318491178685558 -0.05894168971544268 0.9929142718246259 -0.6362758784711181 -0.7633705325167185 -0.11143803911119769 0 0 0 0 0 0
-12.333833694458008 -20.422592163085938 -3.3504884243011475 -0.42969170866191203 -0.04334920958624663 0.9019345217561274 -0.7144605931224174 -0.5944931238816098 -0.36894984284133847 0 0 0 0 0 0
-12.445639610290527 -20.94515037536621 -3.291494846343994 -0.747853944868618 0.5790150782824514 0.32473992096139453 -0.6624382336797446 -0.6188363221370223 -0.4221577820710923 0 0 0 0 0 0
-12.837158203125 -21.207584381103516 -3.199923038482666 -0.4619540051104965 0.8032720105586295 -0.37596884740024494 -0.716775861576832 -0.5877941759526963 -0.3751404683273737 0 0 0 0 0 0
-13.275464057922363 -21.355667114257812 -3.1066954135894775 0.004534738641452955 0.4014602688761379 -0.9158652131505775 -0.6067971268209884 -0.7268800586203749 -0.3216249792255477 0 0 0 0 0 0
-13.789546966552734 -21.582599639892578 -3.338207721710205 0.3327258779219232 0.5424140386834322 -0.771414610180682 -0.6370614951167569 -0.47385147657157667 -0.6079617007596275 0 0 0 0 0 0
-14.249731063842773 -21.516857147216797 -3.5014126300811768 0.6390357397442934 -0.10982037243491104 -0.7612967943763597 -0.7377863231350238 -0.3673837858835924 -0.5663042426688513 0 0 0 0 0 0
-14.488300323486328 -21.497486114501953 -3.916107416152954 0.7755946578676542 -0.5537775229980804 -0.30295772264338594 -0.5772609443665784 -0.42807055172809144 -0.6953599102998488 0 0 0 0 0 0
-14.617497444152832 -21.614721298217773 -4.358043193817139 0.5242366833011425 -0.8161622243997348 0.2430125991472344 -0.4253197907762454 -0.49817077673892074 -0.7555984070770606 0 0 0 0 0 0
-14.53003215789795 -21.857837677001953 -4.839730739593506 0.20582413783233766 -0.8107463571726331 0.5480207738917203 -0.37126812060752634 -0.5828373261378458 -0.7228143841132671 0 0 0 0 0 0
-14.555550575256348 -22.25425910949707 -5.168631076812744 -0.23567533389697393 -0.45564358831197777 0.8583973773391522 -0.5477881031817948 -0.6673071023027276 -0.5046081898154534 0 0 0 0 0 0
-14.581929206848145 -22.820178985595703 -5.229729652404785 -0.7115201489338262 -0.04254357956779164 0.701376590355527 -0.4328100687296495 -0.7598013818820868 -0.48515698953669373 0 0 0 0 0 0
-14.800917625427246 -23.297195434570312 -5.358075141906738 -0.7267267811941536 0.5827203982116633 0.3637377118243657 -0.6843606856491846 -0.5684549769649591 -0.45662828548124984 0 0 0 0 0 0
-15.135576248168945 -23.66157341003418 -5.274330139160156 -0.5080221945364256 0.8400000918864527 -0.19056047724841782 -0.7072801854879879 -0.5330849454844084 -0.46430074317619063 0 0 0 0 0 0
-15.544119834899902 -23.908157348632812 -5.168615341186523 -0.19288984999573902 0.609172772829666 -0.7692217096595997 -0.6945236432720545 -0.6385378560779463 -0.3315212139388551 0 0 0 0 0 0
-16.05840301513672 -24.06236457824707 -5.303171634674072 0.3053966323926497 0.3916109268814243 -0.8679710702957217 -0.6642616262880352 -0.5654865591427679 -0.4888572831308211 0 0 0 0 0 0
-16.478689193725586 -24.004793167114258 -5.53554630279541 0.6076484436291103 -0.14982237017747874 -0.7799465535211514 -0.6740085932833981 -0.6167276381998976 -0.4066441152414613 0 0 0 0 0 0
-16.77583885192871 -23.974367141723633 -5.942062854766846 0.672847934430564 -0.5930548870146765 -0.4422234255673624 -0.7369732348381062 -0.4853199255188559 -0.4704625607066195 0 0 0 0 0 0
-17.029441833496094 -24.093555450439453 -6.334946632385254 0.6392421770958188 -0.7590625341507035 0.12326194980816245 -0.533280379912969 -0.553047284618749 -0.6401177527421875 0 0 0 0 0 0
-16.994190216064453 -24.40990447998047 -6.8319573402404785 0.3931211919917053 -0.7138294632795784 0.5795715881243748 -0.5548056765281107 -0.6867983947941652 -0.4695728124586682 0 0 0 0 0 0
-16.85845947265625 -24.727806091308594 -7.2191853523254395 -0.2672811206647259 -0.5848255687682486 0.7658589012677876 -0.5446074948333592 -0.5639900487215933 -0.6207398017803816 0 0 0 0 0 0
-17.036252975463867 -25.206344604492188 -7.337592601776123 -0.6573438930246722 0.13997180086066585 0.7404774819445832 -0.642382053173279 -0.6178233248631804 -0.45347506768938023 0 0 0 0 0 0
-17.210758209228516 -25.70207405090332 -7.340044975280762 -0.7944036507545977 0.550561207681566 0.25652523514068326 -0.6067787056734748 -0.7004059237872401 -0.37583393176370555 0 0 0 0 0 0
-17.55324363708496 -26.09284019470215 -7.248178005218506 -0.5530065592384954 0.7722674872726455 -0.31270860803756995 -0.5864966116934837 -0.6273983200297982 -0.5122431771101007 0 0 0 0 0 0
-9.763916015625 -10.792116165161133 18.714035034179688 -0.291924438947706 0.8614776239303644 0.41549539758264564 -0.14654984166529422 -0.46957689316714535 0.8706438337870249 0 0 0 0 0 0
-9.449686050415039 -10.818476676940918 18.982229232788086 -0.8590881631557395 0.32175721472777624 0.3980450008432732 0.08052685123493127 -0.6830391201725275 0.7259290506269377 0 0 0 0 0 0
-9.310934066772461 -10.862425804138184 19.473562240600586 -0.98244599148886 -0.18654707803881154 -0.00024795695609877434 0.12418092374048981 -0.65498677799986 0.7453666338281588 0 0 0 0 0 0
-9.501739501953125 -10.906421661376953 19.91463851928711 -0.5245215416216866 -0.7177725942379694 -0.4579079114141889 0.048568160756064835 -0.5621806937884086 0.8255870646348312 0 0 0 0 0 0
-9.810493469238281 -11.121079444885254 20.304929733276367 0.24973932247128447 -0.788475694779386 -0.5620821555197677 -0.10090071204192293 -0.5985059071187974 0.7947387781235661 0 0 0 0 0 0
-10.044662475585938 -11.433568000793457 20.663761138916016 0.39217633439897115 -0.6281721170505921 -0.6720100550568895 -0.174078229016984 -0.7680127186663963 0.6163223459756763 0 0 0 0 0 0
-10.250190734863281 -11.871509552001953 20.748058319091797 0.8802346531777036 -0.28316519372498017 -0.38079447003314315 0.006842203531146823 -0.7947950944471174 0.6068393050006204 0 0 0 0 0 0
-10.246358871459961 -12.349967002868652 20.75327491760254 0.8740024404807433 0.24789346409011 0.41793368432696393 -0.10519920271010051 -0.7431578484879215 0.6607946276869712 0 0 0 0 0 0
-10.070070266723633 -12.746831893920898 20.873062133789062 0.6073610024163868 0.513951108978721 0.6057779051131731 0.1789970016793312 -0.8314608142540973 0.5259591122413634 0 0 0 0 0 0
-9.70300006866455 -13.132468223571777 21.066076278686523 0.25287056696015353 0.7679339203278936 0.5885014616592578 0.31511410606992785 -0.6404746939499845 0.7003536724865689 0 0 0 0 0 0
-9.339975357055664 -13.282235145568848 21.367420196533203 -0.4409052466705966 0.5445988516855083 0.7134526292622138 0.21667793090399196 -0.7067930683362379 0.6734198042907643 0 0 0 0 0 0
-9.091361999511719 -13.428936004638672 21.790485382080078 -0.8863064019049327 0.22805926875723473 0.40305078076620454 0.23223078637725242 -0.5341117731860812 0.8128920442485726 0 0 0 0 0 0
-9.090240478515625 -13.325803756713867 22.295591354370117 -0.9490672857291409 -0.3125935103870288 0.03945357300214744 0.19713952062683993 -0.4914711319973788 0.8482877671051464 0 0 0 0 0 0
-9.176092147827148 -13.429046630859375 22.795230865478516 -0.6656649691363058 -0.5575468637624047 -0.4960157694806361 0.06278705312637263 -0.7041647324247751 0.7072551276370156 0 0 0 0 0 0
-9.435491561889648 -13.649249076843262 23.204113006591797 0.12037029930991118 -0.6509013146750695 -0.7495588499899847 -0.07370522480105669 -0.7588244932376315 0.6471112178750091 0 0 0 0 0 0
-9.754837036132812 -14.06913948059082 23.363529205322266 0.7043836836288528 -0.43803088456152306 -0.5585450477872824 -0.026276533804042847 -0.8024350601505624 0.5961606478227228 0 0 0 0 0 0
-10.023038864135742 -14.394673347473145 23.663127899169922 0.8562682270605124 -0.24677202745866939 -0.4537711866024377 0.021496632683967124 -0.860710816514673 0.5086401332159072 0 0 0 0 0 0
-10.042413711547852 -14.935075759887695 23.646650314331055 0.9900775224766164 0.11594495146666105 0.07939312133905971 0.046352671279790356 -0.8028308741326969 0.5944022353630222 0 0 0 0 0 0
-9.83824634552002 -15.47235107421875 23.668991088867188 0.6275348914440302 0.5178622573331387 0.5813937069234197 0.040490247354376604 -0.7674237958113358 0.6398603421776529 0 0 0 0 0 0
-9.498490333557129 -15.793648719787598 23.895097732543945 -0.005526521546194841 0.6773112165540585 0.7356758617011032 0.10654704024552177 -0.7311003528891051 0.6738991038874775 0 0 0 0 0 0
-9.203543663024902 -16.01821517944336 24.285005569458008 -0.43084816303029894 0.6736629353222887 0.6004565845974001 0.08928361887904994 -0.6302957396484986 0.7712040689602284 0 0 0 0 0 0
-8.998133659362793 -16.071388244628906 24.721330642700195 -0.8520953974395273 0.36530431401926433 0.37481487673422037 0.1495412461811892 -0.5163552754154854 0.843216843546887 0 0 0 0 0 0
-8.93596363067627 -15.953006744384766 25.191164016723633 -0.9352456050145562 -0.35301247931494956 0.02641680807495165 0.21181195955947874 -0.49824246602453265 0.8407675890740356 0 0 0 0 0 0
-8.977171897888184 -16.071025848388672 25.685651779174805 -0.5030625434536087 -0.7477642915536524 -0.43333202241612656 0.17532702333431535 -0.5792700137112465 0.796056961594898 0 0 0 0 0 0
-4.1711883544921875 -12.911654472351074 20.858291625976562 0.009205308859275755 0.4418882037285385 -0.8970228969732997 -0.2602582377317486 0.8672034109457717 0.4245278480109211 0 0 0 0 0 0
-3.918968439102173 -12.424365997314453 21.05501365661621 -0.6224639423557482 0.32964712775430227 -0.7098390040215306 -0.21662222962072558 0.798971836672572 0.5609980515458168 0 0 0 0 0 0
-3.9364378452301025 -11.885529518127441 21.193340301513672 -0.8342870839708547 -0.31885452200734343 -0.44977422704605524 -0.5353251105254759 0.6636320629021025 0.5225126899216774 0 0 0 0 0 0
-4.252241134643555 -11.414634704589844 21.225618362426758 -0.6677372505846616 -0.743534039602967 0.03583428711904532 -0.5676213549353305 0.5397197847658827 0.6216981191491969 0 0 0 0 0 0
-4.713442802429199 -11.190876960754395 21.3890380859375 -0.39018682702214136 -0.8716207760359567 0.2967009652846954 -0.632688083201239 0.48792981931905066 0.6013570327138619 0 0 0 0 0 0
-5.27444314956665 -11.1617431640625 21.42702865600586 0.16584438153656741 -0.64665015672166 0.7445395999707509 -0.6257615717598558 0.5145157603698527 0.586255906272736 0 0 0 0 0 0
-5.680905342102051 -11.155601501464844 21.65703582763672 0.6607619838316019 -0.14894255824850303 0.735669569212508 -0.6210726857878044 0.4418963139856394 0.6472992867709871 0 0 0 0 0 0
-5.997338771820068 -11.111870765686035 22.044466018676758 0.880644177951104 0.10945288713587806 0.46096192612670855 -0.4603057165993423 0.4280357421832175 0.777755778300379 0 0 0 0 0 0
-6.0937581062316895 -11.079852104187012 22.48121452331543 0.6452737436230398 0.7481191452683359 -0.15472407787310355 -0.42418087131158416 0.5193028887580088 0.741886176000694 0 0 0 0 0 0
-6.043868541717529 -10.921709060668945 22.98822593688965 0.2089176849894574 0.7869899188256849 -0.5805172422636452 -0.38410918083941126 0.6119458246411239 0.6913627448012885 0 0 0 0 0 0
-5.944376468658447 -10.621033668518066 23.301008224487305 -0.4241051927727031 0.5882490646999462 -0.6885476187910804 -0.31379128812179496 0.6177577771064015 0.7210480957075073 0 0 0 0 0 0
-5.934750080108643 -10.194977760314941 23.57485008239746 -0.8162076873591743 0.05960054089331068 -0.5746762450467336 -0.41046735628092795 0.6401766715987808 0.6493769156417964 0 0 0 0 0 0
-5.990764141082764 -9.78682804107666 23.85289764404297 -0.7989692584913757 -0.1370581205981177 -0.5855452122286142 -0.4387568361655831 0.7987366229611369 0.4117186489079726 0 0 0 0 0 0
-6.147558212280273 -9.2965087890625 23.892972946166992 -0.7738977043502263 -0.6324534006364358 0.0329399335891469 -0.5365909046248131 0.6824460888681558 0.4963240240633957 0 0 0 0 0 0
-6.505768299102783 -8.94213581085205 23.959272384643555 -0.5097212327324887 -0.811615295961565 0.2854205253006404 -0.7024353174580047 0.5841529305656339 0.4066324857893844 0 0 0 0 0 0
-7.04917573928833 -8.855225563049316 24.052692413330078 0.11869345188365545 -0.7784262946551048 0.6164124984695447 -0.712537045943635 0.36557897313224874 0.5988680760914619 0 0 0 0 0 0
-7.498341083526611 -8.900744438171387 24.219438552856445 0.5773384361916256 -0.2024490295674813 0.7910086728494152 -0.5599454731405473 0.606910248393755 0.5640221782022754 0 0 0 0 0 0
-7.873429298400879 -8.89544677734375 24.656824111938477 0.8982841802249358 0.1106920063366961 0.42524441359149195 -0.3782823131936424 0.6872076350664539 0.6202000949945421 0 0 0 0 0 0
-8.063919067382812 -8.814245223999023 25.064197540283203 0.8105861288607095 0.5778836596536503 -0.09487151102366535 -0.35829424434045837 0.6175254780180083 0.7002053402189462 0 0 0 0 0 0
-7.977363586425781 -8.653019905090332 25.502199172973633 0.20015891087023746 0.7934664196892235 -0.5747586025670303 -0.46078486961360177 0.5939399949588813 0.6594790264469526 0 0 0 0 0 0
-8.056506156921387 -8.397464752197266 25.99132537841797 -0.1650211243144188 0.4824055703457291 -0.8602632703012588 -0.4563725455267351 0.7358822855226201 0.5002013210133026 0 0 0 0 0 0
-7.927944183349609 -7.920520782470703 26.14590072631836 -0.6930968113679981 0.20649829906471137 -0.6906339569952339 -0.38212494488142157 0.7071413011366214 0.5949215971253495 0 0 0 0 0 0
-7.905711650848389 -7.435359954833984 26.268348693847656 -0.9230944829338519 -0.32698271689349334 -0.2024324045948037 -0.3682270520586777 0.5996648593162754 0.7105004536475452 0 0 0 0 0 0
-8.070316314697266 -7.059767723083496 26.422386169433594 -0.6964622153728074 -0.5925369531945336 0.4047719625380942 -0.39146480270152956 0.7864677748041407 0.47772769172456003 0 0 0 0 0 0
-7.045436382293701 -15.39595890045166 18.27098274230957 -0.48492224635566944 0.6785182579986643 -0.5517820118052323 -0.7724043559465128 -0.03636922246309457 0.6340889453162569 0 0 0 0 0 0
-7.40386438369751 -15.163190841674805 18.628692626953125 -0.43485393781948 0.09359357744100041 -0.8956239696572929 -0.8996598699843058 -0.0021764703094946437 0.43658605259079686 0 0 0 0 0 0
-7.872061729431152 -14.856826782226562 18.688379287719727 -0.2824942520694828 -0.6562858818639203 -0.6996326456175411 -0.8554081167911702 -0.15773311179219227 0.49335303705575356 0 0 0 0 0 0
-8.332639694213867 -14.66440200805664 18.661970138549805 0.0013327491382309127 -0.9442539565199096 -0.3292152629758092 -0.7705352825803843 -0.21081053397307062 0.6015266386991985 0 0 0 0 0 0
-8.840004920959473 -14.791285514831543 18.695173263549805 0.4785975614714054 -0.8684917704575258 0.1290984848910957 -0.7837615195329566 -0.35628880122904505 0.5087004723982089 0 0 0 0 0 0
-9.267520904541016 -15.0437593460083 18.649877548217773 0.6613420066631013 -0.4016508396620331 0.6334850852400602 -0.7475700753947067 -0.42203848650801873 0.5128571909219699 0 0 0 0 0 0
-9.439276695251465 -15.473929405212402 18.867197036743164 0.43636541252193006 0.3341339549422123 0.8354278705604938 -0.8249444241874898 -0.22213449750890366 0.5197335490599369 0 0 0 0 0 0
-9.617778778076172 -15.841023445129395 19.123924255371094 0.09870787005357085 0.7906285575728796 0.6042873822443384 -0.6912430237193995 -0.3823584730203703 0.6131762228501629 0 0 0 0 0 0
-9.708227157592773 -16.057695388793945 19.559682846069336 -0.17244752994089926 0.9588172311012522 0.22567978810830733 -0.8207241226894368 -0.2665526997493097 0.5053331304120169 0 0 0 0 0 0
-9.940863609313965 -16.06891441345215 20.020015716552734 -0.34140266643535444 0.9024629115141426 -0.2626878617147101 -0.7694748953264393 -0.10785791661677949 0.6295038167362079 0 0 0 0 0 0
-10.11186408996582 -16.000463485717773 20.4487361907959 -0.5705778556589077 0.5257003831032804 -0.6309358270353228 -0.7624888262904044 -0.053744911119553734 0.644765286217421 0 0 0 0 0 0
-10.455989837646484 -15.69146728515625 20.64868927001953 -0.623354749538035 -0.29795400492827717 -0.7229469324753884 -0.7303860958754331 -0.10828311672107463 0.6743967063865399 0 0 0 0 0 0
-10.855217933654785 -15.456193923950195 20.95143699645996 -0.3727489766075686 -0.6179819545399303 -0.6922113147739047 -0.8428654963409797 -0.08652624459730421 0.5311223626187864 0 0 0 0 0 0
-11.39412784576416 -15.435389518737793 20.937244415283203 0.13324148030830316 -0.9798205483001708 -0.14899127844945928 -0.7893427872327996 -0.19582080695785511 0.5818867379532979 0 0 0 0 0 0
-11.827195167541504 -15.59829330444336 20.995800018310547 0.5178022695823076 -0.7884001128536938 0.3321235789095595 -0.8369692901178284 -0.3864871097395962 0.3874404746600334 0 0 0 0 0 0
-12.284432411193848 -15.93929386138916 21.003143310546875 0.5968174900758634 -0.47526104075970005 0.6464795640045812 -0.7992293062587809 -0.4234153232062697 0.42655829624007796 0 0 0 0 0 0
-12.590076446533203 -16.345672607421875 21.04930877685547 0.517079415257329 0.1103209563986699 0.8487980707426364 -0.7929636292838179 -0.31159149817483955 0.523564151654976 0 0 0 0 0 0
-12.752392768859863 -16.73088264465332 21.384719848632812 0.15264196636083618 0.7456906482607204 0.6485721912031105 -0.7443178630390668 -0.3449843616365801 0.5718187728530416 0 0 0 0 0 0
-12.980367660522461 -16.859939575195312 21.784622192382812 -0.08358954786609264 0.9822701706658006 0.16780375236484119 -0.6088884804544126 -0.1836477204644825 0.7717048225442911 0 0 0 0 0 0
-12.960925102233887 -16.87326431274414 22.31613540649414 -0.5521861423245177 0.7450998636766792 -0.3740543508285417 -0.7304259137526968 -0.21604182907980332 0.6479227674703142 0 0 0 0 0 0
-13.195569038391113 -16.773435592651367 22.75472640991211 -0.7224095279364182 0.2994208679056865 -0.6232749135087077 -0.6724112490467897 -0.09405397213673874 0.7341777458358688 0 0 0 0 0 0
-13.483986854553223 -16.57611656188965 23.09591293334961 -0.6423246670860118 -0.1457450026129887 -0.7524476169582731 -0.7514974171858414 -0.07310364562791201 0.6556733096282921 0 0 0 0 0 0
-13.909573554992676 -16.278423309326172 23.211790084838867 -0.4608625728657284 -0.691121005137253 -0.5567382196235985 -0.6720352813424494 -0.13795304690786997 0.7275558655387295 0 0 0 0 0 0
-14.376730918884277 -16.263782501220703 23.42029571533203 -0.03860687841304007 -0.9847293137269879 -0.16975773215372564 -0.815987143689598 -0.06699096605099782 0.5741752274357067 0 0 0 0 0 0
17.932415008544922 17.170682907104492 6.859348773956299 0.49349793518638313 -0.549788571598883 0.6739379159136516 0.8074694618079825 0.5775500018407518 -0.1201210373801145 0 0 0 0 0 0
17.579978942871094 17.537633895874023 6.997272968292236 0.5361454080670712 -0.8211410389868022 0.19564124181845877 0.8249456431380748 0.5588219272757774 0.08475104402480368 0 0 0 0 0 0
17.761287689208984 17.896085739135742 7.3270263671875 0.7195026899210738 -0.5970337411432454 -0.3547768187647547 0.6741940190006922 0.723056828597205 0.15050331346068915 0 0 0 0 0 0
18.18642807006836 18.1041259765625 7.532968521118164 0.36124073021592806 -0.2446831599342661 -0.8997973583411132 0.8158900695397263 0.550141667018635 0.17795375982658565 0 0 0 0 0 0
18.71320152282715 18.048542022705078 7.568471431732178 0.011324909343578297 0.3398712582622681 -0.9404037825506565 0.8438153593829579 0.5013563404467356 0.19135688951084748 0 0 0 0 0 0
19.208721160888672 18.046070098876953 7.349968433380127 -0.3943765037576322 0.7846998550451415 -0.4782398046754788 0.8563499459743605 0.5026132839440639 0.11851015497700584 0 0 0 0 0 0
19.69232177734375 18.262313842773438 7.178245544433594 -0.6975311082542195 0.7117313067761329 0.08299939742177839 0.7102146229689795 0.7020801838483283 -0.05175523904425622 0 0 0 0 0 0
19.912696838378906 18.713090896606445 6.954162120819092 -0.5679368480256071 0.6251482456496267 0.5353852889423957 0.6850137204604344 0.7196177871207625 -0.11360652815912911 0 0 0 0 0 0
20.076627731323242 19.148319244384766 6.66136360168457 -0.35251690409393843 0.26462132876167505 0.8976120457594309 0.6000847113971721 0.7999364441862877 -0.00015623690690409194 0 0 0 0 0 0
20.04738998413086 19.5814208984375 6.531551361083984 0.27293157740457713 -0.10109883825661002 0.9567065270805948 0.6749780945754866 0.7287334612905747 -0.11555134892637267 0 0 0 0 0 0
20.147891998291016 20.003108978271484 6.80453634262085 0.492507210829491 -0.5227196857807492 0.6958453688702901 0.6147613282507827 0.7748960193833355 0.14698526603437068 0 0 0 0 0 0
20.366899490356445 20.393177032470703 7.137286186218262 0.5552374693231343 -0.8291106887355811 0.06547379998175895 0.8265589328563574 0.5588309069672063 0.06714423231796858 0 0 0 0 0 0
20.775541305541992 20.52082061767578 7.347148418426514 0.4480581366314421 -0.6262895741987283 -0.6379696508834377 0.840547367038809 0.5381776342501162 0.06200772336632208 0 0 0 0 0 0
21.197067260742188 20.65481185913086 7.596799850463867 0.21122225187295932 -0.19483353752012816 -0.9578230802038072 0.8387518470433261 0.5392868523462099 0.07526639335006247 0 0 0 0 0 0
21.697269439697266 20.629526138305664 7.667840957641602 -0.15812319368823485 0.27244434108051585 -0.9490896357199549 0.8180747757632019 0.5744007340143165 0.028591222845507795 0 0 0 0 0 0
22.140127182006836 20.68128204345703 7.547927379608154 -0.41260050728455755 0.68114274527393 -0.6048184702447666 0.8706030006904363 0.49020279905997405 -0.041852490757123405 0 0 0 0 0 0
22.566734313964844 20.824434280395508 7.197451591491699 -0.5978122279967141 0.772662684548959 -0.21357180516912863 0.8005390260149025 0.5893509085571743 -0.10864057441833015 0 0 0 0 0 0
22.94422149658203 21.184478759765625 6.961917400360107 -0.7281394992231442 0.5454573140721768 0.41507732797183156 0.6188625819934703 0.7834990518667997 0.05602089192615195 0 0 0 0 0 0
23.09275245666504 21.588176727294922 6.695062160491943 -0.2132379039276088 0.22506829458134428 0.950722808763314 0.7678616124992085 0.6402829336003648 0.020647251396403228 0 0 0 0 0 0
23.23806381225586 22.0521297454834 6.632259368896484 0.16536273134210405 -0.30742714654655934 0.9370932272988208 0.5444282791747976 0.8207348623365938 0.1731823737569769 0 0 0 0 0 0
23.253095626831055 22.51219367980957 6.872572422027588 0.5770472209819064 -0.6112506297551531 0.5416541076932653 0.659984306963054 0.7396646316073707 0.13159387262190456 0 0 0 0 0 0
23.472135543823242 22.78909683227539 7.257840633392334 0.6504644210301076 -0.7571903298320889 0.05965602553589434 0.6740992565397934 0.6117036660310251 0.41401547953754314 0 0 0 0 0 0
23.766725540161133 22.985984802246094 7.645455360412598 0.5730719583343148 -0.58768223674819 -0.571155074547638 0.7895303859841899 0.5827005507197206 0.1926183734709403 0 0 0 0 0 0
24.228267669677734 22.88530921936035 7.821535110473633 0.17111859655460215 0.17150483648997872 -0.9702084914974353 0.8079336654951002 0.5391584327112989 0.237805333405177 0 0 0 0 0 0
10.72864818572998 21.23431968688965 4.322551727294922 0.503864580168566 -0.19741546621076198 0.8409206969461165 0.3063546895128051 0.9510885420364027 0.03971636212674819 0 0 0 0 0 0
10.630842208862305 21.648805618286133 4.536754608154297 0.8721262480156664 -0.37930785105933995 0.30906530320769077 0.35993480047165133 0.9252461973073786 0.11985997571194588 0 0 0 0 0 0
10.734013557434082 21.928844451904297 4.8215107917785645 0.8469668483655429 -0.14049357755845132 -0.5127462456562377 0.23712559776666675 0.9630339510716613 0.12781650897715083 0 0 0 0 0 0
11.035689353942871 22.159873962402344 5.147716999053955 0.631111753229453 -0.18208874288802512 -0.754017005543711 0.5090799594536096 0.8306537560637007 0.2255037303903802 0 0 0 0 0 0
11.386787414550781 22.314294815063477 5.391702651977539 0.0602985515735181 0.2868228362420377 -0.9560840681070932 0.5332512827659969 0.8004364107280101 0.2737601538012415 0 0 0 0 0 0
11.8546142578125 22.54936981201172 5.456314563751221 -0.3932342708904807 0.42667453792442045 -0.8144419235797077 0.5358388954058259 0.826174637649921 0.17410383762078982 0 0 0 0 0 0
12.143112182617188 22.918621063232422 5.26764440536499 -0.8724442801603436 0.4381235316436387 -0.2165381006557633 0.37979609313281154 0.8866655464545882 0.26377857451172837 0 0 0 0 0 0
12.226028442382812 23.295246124267578 5.0095977783203125 -0.7441389665144327 0.32419257101817445 0.5840859315301629 0.4314884454543687 0.9007442413569232 0.049774823974707845 0 0 0 0 0 0
12.356318473815918 23.807079315185547 4.990828990936279 -0.7703336396007966 -0.027198904860928158 0.637060674719258 0.09145322338971854 0.9840477629275034 0.15259851968156996 0 0 0 0 0 0
12.159011840820312 24.301151275634766 5.024694442749023 -0.0653581542904999 -0.3279471098624106 0.9424324934978798 0.25640668080163104 0.9072206674980322 0.3334760478725808 0 0 0 0 0 0
12.010332107543945 24.70880699157715 5.256043910980225 0.43187020274057575 -0.49610749494401807 0.7532366702738158 0.20941227663943585 0.8674657477826716 0.45127560848835935 0 0 0 0 0 0
11.921347618103027 25.027027130126953 5.616084098815918 0.8153605864520526 -0.45359004284507937 0.35978213837316086 0.306707278745575 0.8654835888104323 0.3960666644193862 0 0 0 0 0 0
11.953797340393066 25.32408905029297 6.024012088775635 0.8916139018321148 -0.15737841042408804 -0.4245664682851196 0.20041073516511979 0.9779722715598579 0.05835900350955356 0 0 0 0 0 0
12.29577350616455 25.635440826416016 6.2764105796813965 0.5405462677617576 -0.05814012317019029 -0.8393029598938571 0.4580449020422373 0.8571322938048269 0.2356249108859104 0 0 0 0 0 0
12.76137924194336 25.833065032958984 6.373067378997803 0.1295010042668256 0.14026553533932073 -0.9816084094433266 0.5016523254719357 0.8446433503553775 0.1868757743771036 0 0 0 0 0 0
13.209012031555176 25.98529052734375 6.558799743652344 -0.4187416405499491 0.4715081321668995 -0.7761027765509018 0.49154385873653744 0.836300471577359 0.24287065730112764 0 0 0 0 0 0
13.615926742553711 26.264080047607422 6.48560905456543 -0.7882417991973371 0.4229340091334673 -0.4469918230979594 0.37726372229631433 0.9059947692104982 0.19195197837570174 0 0 0 0 0 0
13.83897590637207 26.777130126953125 6.4075212478637695 -0.9803156705962336 0.1969247813659129 0.014206212283510001 0.19447224384246165 0.9506729161903933 0.24166413221024668 0 0 0 0 0 0
13.840047836303711 27.247941970825195 6.314109802246094 -0.8146391511799768 -0.007562624603195593 0.5799188392127627 0.19994444768309666 0.9349522858664886 0.29306388551599016 0 0 0 0 0 0
13.563335418701172 27.649900436401367 6.260176658630371 -0.011296219828073885 -0.06845919293864786 0.9975899630207719 0.005123227948675317 0.9976365604902695 0.06852040359288042 0 0 0 0 0 0
13.345763206481934 28.17316436767578 6.414637088775635 0.4881174584259379 -0.38381156098648633 0.7838558747836999 0.1537288380029783 0.9218830928645918 0.35566698955155907 0 0 0 0 0 0
13.319819450378418 28.53342056274414 6.734390735626221 0.7797000733257999 -0.5286136136474229 0.3356120425764776 0.38763179102902073 0.8284297092939147 0.40428431993194325 0 0 0 0 0 0
13.315126419067383 28.760929107666016 7.180083751678467 0.8894296409512968 -0.44527748504950465 -0.10316431119934565 0.4297546439437299 0.7378321636402402 0.5204946150602903 0 0 0 0 0 0
13.60826587677002 28.96000862121582 7.65987491607666 0.6140800134394567 -0.12912314799817556 -0.7786096260291405 0.31201114074913233 0.9458802658965411 0.08921642581898268 0 0 0 0 0 0
17.436033248901367 18.312227249145508 11.73169231414795 0.3980563856257409 -0.5631935907550628 0.7241298869643416 0.3805542204448186 0.819614290352854 0.42826498847211897 0 0 0 0 0 0
17.39558982849121 18.62410545349121 12.105375289916992 0.8709632769482599 -0.4890543629505373 0.04742151712664625 0.4314092404990541 0.8073407592833464 0.40260025535488597 0 0 0 0 0 0
17.607187271118164 18.789817810058594 12.525678634643555 0.8424111139900451 -0.36978599223356934 -0.3919206998537915 0.5312095147353986 0.6918743727373939 0.4890054230822192 0 0 0 0 0 0
17.843364715576172 18.930770874023438 12.89674186706543 0.6119972351638511 0.18460480540541263 -0.7690126461723705 0.5032065858240627 0.6592537607727361 0.5587196174203073 0 0 0 0 0 0
18.255870819091797 19.086284637451172 13.087258338928223 -0.06601848119324709 0.5722460015196242 -0.8174203777039932 0.5119656634603538 0.7225829345741881 0.464505179841683 0 0 0 0 0 0
18.70274543762207 19.32578468322754 13.088129043579102 -0.6224096793348852 0.6324043217298373 -0.4611626230817819 0.4637873902055198 0.7726140810504609 0.4335536165792009 0 0 0 0 0 0
18.9610652923584 19.795053482055664 13.028127670288086 -0.9141426624735005 0.38280886279294296 0.13341876634504482 0.4005633046526202 0.8022856930433149 0.4425909010630251 0 0 0 0 0 0
19.162866592407227 20.290729522705078 12.96973991394043 -0.8463837059083509 0.17199090636233616 0.5040374495030188 0.3711935054972187 0.8691753842761445 0.32672547015055786 0 0 0 0 0 0
19.120134353637695 20.766096115112305 13.008980751037598 -0.37380512345518774 -0.28689133142006035 0.8820221616459968 0.4164458290271479 0.7978011118893316 0.43598882709771114 0 0 0 0 0 0
19.146533966064453 21.22934913635254 13.308656692504883 -0.2579733083368237 -0.7025184293073308 0.6632628654382174 0.4140005519610797 0.5399004955319807 0.7328785696827567 0 0 0 0 0 0
18.985021591186523 21.515522003173828 13.597403526306152 0.5817316431999013 -0.6845996962725047 0.43921697504028356 0.3933272885612602 0.7094249402128415 0.5848161234756216 0 0 0 0 0 0
19.019752502441406 21.63517951965332 14.077413558959961 0.9112438174267313 -0.4116602107035712 0.01306047951069223 0.3274568257283024 0.7433573872386655 0.5832596524033261 0 0 0 0 0 0
19.098236083984375 21.783668518066406 14.567049980163574 0.8572112357579301 -0.16440320733856917 -0.4880168877274163 0.4737648634695065 0.6231927598692478 0.6222359987884579 0 0 0 0 0 0
19.555988311767578 21.698062896728516 14.93901538848877 0.46940861575678944 0.3524462727166719 -0.8095907461806984 0.3227951933457008 0.7849223007754608 0.5288669444182243 0 0 0 0 0 0
19.951614379882812 22.01947021484375 15.065601348876953 0.1547995015562412 0.3978324301946869 -0.9043044132388878 0.5029055069434296 0.7561383614269761 0.41873718423911194 0 0 0 0 0 0
20.364667892456055 22.235673904418945 15.162817001342773 -0.6531238575365088 0.5649089830061342 -0.5042886749031801 0.471587385029561 0.8244724282890181 0.3128107307497471 0 0 0 0 0 0
20.682016372680664 22.552797317504883 15.029112815856934 -0.7878219427060232 0.5965861269218771 0.15304110478973124 0.6046380224057851 0.7018483885151582 0.3765922216401936 0 0 0 0 0 0
20.910512924194336 23.01488494873047 15.053571701049805 -0.8620763134510226 0.1809210606996958 0.4733835649681883 0.3512114249938931 0.8866939949636536 0.3007063255888632 0 0 0 0 0 0
20.94553565979004 23.522884368896484 15.066726684570312 -0.5981803099918693 -0.24467566435469001 0.7630951028611193 0.28504053216463093 0.8250091081027393 0.4879670752938426 0 0 0 0 0 0
20.849157333374023 23.95924186706543 15.314325332641602 -0.05731606536844258 -0.6552723546531929 0.753215115274475 0.23815021972090122 0.7237019902516848 0.6477189993759923 0 0 0 0 0 0
20.600128173828125 24.23982048034668 15.624201774597168 0.6311234040373134 -0.5728013759102895 0.5230505067693113 0.2725815705037757 0.7950787902735348 0.5418016285310223 0 0 0 0 0 0
20.62324333190918 24.476476669311523 16.05221939086914 0.8558710785190345 -0.5131716985325003 0.06433898336104503 0.35537758233732303 0.6739100730065677 0.6477283284467045 0 0 0 0 0 0
20.79583168029785 24.624286651611328 16.525314331054688 0.9306591000187775 -0.15864238892083887 -0.32970628139258806 0.35552949167621256 0.6049879020114681 0.7124523976857796 0 0 0 0 0 0
21.18253517150879 24.7839298248291 16.860986709594727 0.42321973747197567 0.4002458236504878 -0.8128273706418201 0.32764246045860707 0.768808800342069 0.5491661375405614 0 0 0 0 0 0
8.88917350769043 18.366456985473633 -16.324329376220703 -0.3740363330193551 0.767422867011327 0.5207292624479147 0.41338277476338103 0.640581430820367 -0.6471244949907701 0 0 0 0 0 0
8.80885124206543 18.65879249572754 -16.715421676635742 0.23566444373528028 0.5293556896196971 0.8150121617658204 0.517778042511648 0.6413026049082435 -0.5662480619222526 0 0 0 0 0 0
8.943041801452637 19.189453125 -16.992084503173828 0.49463548048137995 0.004620577840844264 0.8690882531189633 0.7907007352704615 0.41266604573543 -0.45221574711617 0 0 0 0 0 0
9.279611587524414 19.643268585205078 -17.051959991455078 0.4880839860147419 -0.3508606569226946 0.7991688319871693 0.8360066490733611 0.45097820624760504 -0.31258845179376465 0 0 0 0 0 0
9.627619743347168 19.988597869873047 -16.950862884521484 0.4804077785757077 -0.8656161397889935 0.14112783148888555 0.8351315308736899 0.40233832700427924 -0.3750722553908314 0 0 0 0 0 0
10.103785514831543 20.134523391723633 -16.80946922302246 0.14246798917523382 -0.7684759814402371 -0.6238169106475312 0.7817569098916557 0.47392191085955515 -0.4052828102003315 0 0 0 0 0 0
10.600759506225586 20.179656982421875 -16.741674423217773 -0.20485227205064435 -0.49607909877186684 -0.8437660068984653 0.7099449928374559 0.5181304213977148 -0.47698948999663626 0 0 0 0 0 0
11.029921531677246 20.06609344482422 -16.883153915405273 -0.4653703686474179 0.12772591520661647 -0.8758518770714593 0.848009603759925 0.34785057398981556 -0.3998495843512796 0 0 0 0 0 0
11.404767036437988 19.986949920654297 -17.17072105407715 -0.4536447535825974 0.6132949385251948 -0.6465877789800563 0.8911825998289773 0.31210312074960034 -0.32921909996296606 0 0 0 0 0 0
11.768176078796387 20.047672271728516 -17.55893325805664 -0.4276276995229052 0.880275331687752 -0.20554778282133332 0.7993105820482889 0.26202064416053084 -0.5407844075593583 0 0 0 0 0 0
12.002488136291504 20.238914489746094 -17.9918270111084 -0.36164696674449903 0.9156414344883006 0.1755341416725253 0.701955271265103 0.3913288398897784 -0.595080277117009 0 0 0 0 0 0
12.13372802734375 20.500572204589844 -18.362245559692383 0.0676019745111442 0.58070844747945 0.811299988948725 0.6981374391646341 0.5533885111629516 -0.4542744454066274 0 0 0 0 0 0
12.262775421142578 20.996294021606445 -18.521915435791016 0.22589617898324196 0.09213518043450877 0.9697845249575142 0.5751074020774704 0.7909029905554272 -0.20910269153261682 0 0 0 0 0 0
12.319684028625488 21.481496810913086 -18.51847267150879 0.7271265264959847 -0.30630585504262636 0.614380775767349 0.6307944330432516 0.6512520834788651 -0.4218638488968688 0 0 0 0 0 0
12.679824829101562 21.9591121673584 -18.497713088989258 0.6243210634306086 -0.6796079970089556 0.38517032616538543 0.780343539532722 0.5652252631292887 -0.267552541064311 0 0 0 0 0 0
13.012309074401855 22.231853485107422 -18.43179702758789 0.40169031499635915 -0.844517159087501 -0.3541689693421799 0.787734542662641 0.515873862565365 -0.33667261281246325 0 0 0 0 0 0
13.545441627502441 22.33541488647461 -18.471839904785156 -0.10807550528348249 -0.6971764163462346 -0.7087063775981853 0.8025399754807431 0.35954768388508246 -0.4760830292798108 0 0 0 0 0 0
14.000293731689453 22.12299156188965 -18.55791664123535 -0.36301780690780255 0.15853851011185557 -0.9181958465814156 0.9179453365761828 0.23004038826925904 -0.3231992865446446 0 0 0 0 0 0
14.456367492675781 21.91492462158203 -18.838937759399414 -0.4525129298266953 0.57219885421631 -0.6839740635237586 0.8912151379557619 0.2634247844037619 -0.36924647708586755 0 0 0 0 0 0
14.78938102722168 21.937788009643555 -19.271249771118164 -0.4577341653415256 0.8849741776256868 -0.08544084980169758 0.773907353126349 0.3492849253642384 -0.5282683500743415 0 0 0 0 0 0
15.025473594665527 22.04975128173828 -19.756633758544922 -0.39416629222768546 0.8384196582017446 0.3764112256725996 0.6717084532941423 0.5423508828763577 -0.5046417279778066 0 0 0 0 0 0
15.070408821105957 22.40384292602539 -20.085269927978516 0.32318148464137025 0.4898696214244259 0.8096798638909637 0.6353152002771785 0.5218100972982265 -0.5692879927193127 0 0 0 0 0 0
15.156327247619629 22.7263240814209 -20.433034896850586 0.5620295180583506 0.06085428483704451 0.8248754917247028 0.6334251373143979 0.6096415817391884 -0.47656031856710107 0 0 0 0 0 0
15.30130672454834 23.187868118286133 -20.58885383605957 0.7075154397237591 -0.5534201853046022 0.43948606468227824 0.7058558655014951 0.5230514680661278 -0.47768677906239354 0 0 0 0 0 0
6.224291801452637 11.98278522491455 -20.326847076416016 0.5072693017897276 0.28516486246137845 0.8132397289109439 0.39663780436178253 0.7605213832662273 -0.5140872277599287 0 0 0 0 0 0
6.300659656524658 12.546065330505371 -20.387008666992188 0.9306258357759164 -0.2933440190104089 0.21882605031667993 0.36584364866974795 0.7298405009842449 -0.577487028296803 0 0 0 0 0 0
6.542266368865967 12.97309684753418 -20.39101219177246 0.5911132952876073 -0.5960783498992094 -0.5433927427889167 0.37597797375449066 0.7996511427931535 -0.46818651527043287 0 0 0 0 0 0
6.9875030517578125 13.313746452331543 -20.499004364013672 -0.058098390101421954 -0.668964153862063 -0.7410206055942284 0.541906894919615 0.6022636988638236 -0.586187132466627 0 0 0 0 0 0
7.3830037117004395 13.377233505249023 -20.846221923828125 -0.49050853427508495 -0.5711298515416136 -0.6581884764118573 0.4702155129754502 0.4624395093599166 -0.7516961297892879 0 0 0 0 0 0
7.703414440155029 13.462886810302734 -21.315242767333984 -0.9434464447304732 -0.08538747152977862 -0.32034010930756285 0.19858550880578113 0.6281744116828087 -0.7523035984224096 0 0 0 0 0 0
7.829164981842041 13.46562671661377 -21.823890686035156 -0.9983661881278106 -0.012235762147656723 -0.055814339804490236 0.04297043707725516 0.48307390746314105 -0.8745245230785026 0 0 0 0 0 0
7.734334468841553 13.393258094787598 -22.287267684936523 -0.6134999698121406 0.7765101106724186 0.14370050474515034 0.3740444389795451 0.44599934035717886 -0.8131268941988323 0 0 0 0 0 0
7.667680740356445 13.585991859436035 -22.74546241760254 -0.09657377902511194 0.8665592574620758 0.4896412549117821 0.3596828890316663 0.4890802926121308 -0.794624871694982 0 0 0 0 0 0
7.445648670196533 13.979973793029785 -23.023771286010742 0.6935050193321162 0.5542976159920093 0.4602227081172074 0.21812641707335984 0.4472718213071271 -0.8673919437251789 0 0 0 0 0 0
7.316887378692627 14.409677505493164 -23.17801856994629 0.9579446646523606 0.1273556130384095 0.25714308719405093 0.1246977860333589 0.6223262060367295 -0.7727616420593797 0 0 0 0 0 0
7.3254923820495605 14.825434684753418 -23.440494537353516 0.9223472077734518 -0.38472499115852893 -0.03552899506862907 0.30055764881908315 0.7722527539295033 -0.5597238460032259 0 0 0 0 0 0
7.614941120147705 15.201695442199707 -23.56566619873047 0.5769816130858124 -0.7252598271079687 -0.37562002255499277 0.47301901532000884 0.6716369430166121 -0.5702252431460657 0 0 0 0 0 0
8.085210800170898 15.379778861999512 -23.513225555419922 -0.04576449460085967 -0.532820787595453 -0.8449897155232654 0.5039924312017686 0.7180135262860928 -0.4800502112920491 0 0 0 0 0 0
8.45248794555664 15.531280517578125 -23.8709716796875 -0.6467682752545644 -0.2847388307655806 -0.7075412329882168 0.4727657987860701 0.5782928948374186 -0.6648833185444852 0 0 0 0 0 0
8.814179420471191 15.64758586883545 -24.258941650390625 -0.8832634436546699 -0.14837565090713067 -0.444781244345104 0.3205004162078855 0.5013372808307979 -0.8037041831792057 0 0 0 0 0 0
8.90552043914795 15.589094161987305 -24.770055770874023 -0.8215226152756965 0.5700001429227565 -0.0141573182000432 0.28457207546988444 0.3883754527945606 -0.876460633188612 0 0 0 0 0 0
8.948962211608887 15.70995044708252 -25.291650772094727 -0.7364277185356146 0.5781505597688958 0.3513063415472911 -0.03518798317664123 0.48584971254655224 -0.8733337636083889 0 0 0 0 0 0
8.753514289855957 15.878032684326172 -25.70296859741211 -0.12229648887790588 0.779426434506472 0.6144412111835148 0.13476082514989957 0.6263955490374506 -0.767768282850359 0 0 0 0 0 0
8.51484203338623 16.14836311340332 -26.071056365966797 0.4703462886121603 0.6079404058285434 0.6396740042785798 0.08454220763070402 0.6904826022060241 -0.7183915305595722 0 0 0 0 0 0
8.366911888122559 16.64190101623535 -26.163232803344727 0.8829229894594082 0.2625089187615134 0.3892763314853896 0.11300492930868135 0.6859137970545729 -0.7188547481669146 0 0 0 0 0 0
8.404563903808594 17.15103530883789 -26.265283584594727 0.9130326789326167 -0.39113691300635983 -0.11568596494382698 0.19185044994008946 0.6621036519471105 -0.7244392030640563 0 0 0 0 0 0
8.679193496704102 17.619653701782227 -26.4729061126709 0.6309653689258946 -0.7503797242081295 -0.19701008277126622 0.47472461626283396 0.5742855090833909 -0.6669577893472237 0 0 0 0 0 0
9.161585807800293 17.89101791381836 -26.578880310058594 0.07120422930195534 -0.8331884272666975 -0.5483858152782235 0.5903787023209879 0.4783412585892184 -0.6501097047245711 0 0 0 0 0 0
12.495986938476562 9.764453887939453 -21.618297576904297 0.8191797480289322 -0.26722660998555486 0.5074785506155735 0.5727767492047963 0.3356330850907693 -0.7478483989170789 0 0 0 0 0 0
12.897818565368652 10.058201789855957 -21.88463020324707 0.6511301950122927 -0.7106821256287847 0.2663839061486369 0.7117826378754725 0.4499799103268168 -0.5393362186255473 0 0 0 0 0 0
13.306293487548828 10.302563667297363 -21.884477615356445 0.25574938155372734 -0.8277248745250009 -0.49946349809316165 0.770497228420598 0.48656283711512277 -0.41181382508927455 0 0 0 0 0 0
13.792448043823242 10.255324363708496 -21.872743606567383 -0.12058661191794695 -0.40972936068145943 -0.9042017031734196 0.7230089271767115 0.5878941654746158 -0.36282026049228033 0 0 0 0 0 0
14.23876667022705 10.283390045166016 -22.190095901489258 -0.6466770708566453 -0.12511923521306417 -0.7524320188614831 0.7030827329845565 0.28473905471079414 -0.6516121095416894 0 0 0 0 0 0
14.549921035766602 10.138468742370605 -22.560806274414062 -0.8146676675023261 0.3414763946736729 -0.4687328273195608 0.570948628773927 0.33058686467169085 -0.7514851882823197 0 0 0 0 0 0
14.683834075927734 10.13874626159668 -23.032161712646484 -0.6821158925821014 0.7236746556845083 -0.10494237374307507 0.4695637731364751 0.32346819420786277 -0.8215097018865581 0 0 0 0 0 0
14.666637420654297 10.176661491394043 -23.546001434326172 -0.034985476039326176 0.9151441408569552 0.4016057991631687 0.4525866794031346 0.3727910058284144 -0.8100568891135259 0 0 0 0 0 0
14.680243492126465 10.456399917602539 -24.02886199951172 0.3875204002914721 0.5624394752576899 0.7304038444790606 0.5466994536934593 0.49773792811716644 -0.6733325049668281 0 0 0 0 0 0
14.728251457214355 10.962503433227539 -24.258846282958984 0.643728664506741 -0.05188672236643644 0.7634927468774253 0.745767373806884 0.2662506879126243 -0.6106894426394137 0 0 0 0 0 0
15.033799171447754 11.35655403137207 -24.389989852905273 0.5893176220107735 -0.43892512481719326 0.6782694709271369 0.7897494089905319 0.48994268410760977 -0.36912333614733217 0 0 0 0 0 0
15.259331703186035 11.832745552062988 -24.39336585998535 0.5406301634542551 -0.837344953242456 0.0810706830044915 0.741741612349232 0.4289895684083703 -0.5155456630661944 0 0 0 0 0 0
15.711915016174316 12.064009666442871 -24.376543045043945 0.16356469286502331 -0.915440150932004 -0.36771717570649376 0.7844403802028019 0.346718885163129 -0.5142366231400877 0 0 0 0 0 0
16.239078521728516 12.038589477539062 -24.426532745361328 -0.289276200919815 -0.6254395030766415 -0.7246686881414447 0.7851233501219897 0.27807269608954804 -0.5534048254060615 0 0 0 0 0 0
16.693586349487305 11.925761222839355 -24.644786834716797 -0.6795177893233919 -0.10365024515997734 -0.7263003515566595 0.6456669540242204 0.3856048576342218 -0.659107789553406 0 0 0 0 0 0
17.043798446655273 11.862421035766602 -25.01615333557129 -0.8869609710599456 0.2672636898415377 -0.37665681449919985 0.45357765892548935 0.3504717721411885 -0.8194124994506048 0 0 0 0 0 0
17.1805419921875 11.78103256225586 -25.536603927612305 -0.7319557843547035 0.6696612692257478 -0.12567622785814142 0.47050025721207955 0.3633588181776143 -0.8041143433715969 0 0 0 0 0 0
17.140888214111328 11.85499382019043 -26.077072143554688 -0.08639280170996234 0.9337031505261538 0.3474690065462499 0.5949487177385211 0.32810554523150537 -0.7337457151150024 0 0 0 0 0 0
17.23163604736328 12.153556823730469 -26.484529495239258 0.31813781902538135 0.6851683825481509 0.6552347790388756 0.5026528854972324 0.4640962590220146 -0.7293522736394791 0 0 0 0 0 0
17.193037033081055 12.653090476989746 -26.728944778442383 0.871217166610934 0.04350173069045444 0.4889665101306544 0.42580275151967345 0.42869414876215434 -0.7968144976187163 0 0 0 0 0 0
17.341611862182617 13.0918550491333 -26.989538192749023 0.8508445052067733 -0.36871915380737497 0.3743124544748872 0.5252567901801872 0.6145324154832624 -0.5886044637019957 0 0 0 0 0 0
17.651418685913086 13.544687271118164 -26.968740463256836 0.7281718539253856 -0.676310804842872 -0.11121801294598642 0.5751471399706275 0.6912037083771073 -0.4375422275727709 0 0 0 0 0 0
18.174257278442383 13.747843742370605 -27.021663665771484 0.024084835246506522 -0.7083545070697941 -0.7054458257194933 0.5917412533253638 0.5788569780998406 -0.5610408969211141 0 0 0 0 0 0
18.603849411010742 13.765710830688477 -27.44117546081543 -0.27684758750667093 -0.7149714475059895 -0.6420056405849768 0.6785756327879182 0.3275871270547497 -0.6574357647515777 0 0 0 0 0 0
-13.333375930786133 22.406051635742188 1.1330679655075073 0.40034220246535557 0.09452858674535579 0.9114770799165024 -0.07090248344594258 0.9948787077991645 -0.07203606464169518 0 0 0 0 0 0
-13.532028198242188 22.89845085144043 1.2809725999832153 0.8864552845209026 -0.012240320784946879 0.46265235662649273 0.17343883787933165 0.9355881191545126 -0.3075611171978479 0 0 0 0 0 0
-13.369118690490723 23.39263153076172 1.417593002319336 0.8327666726123303 -0.3742108279005091 -0.40800235939048646 0.15378394248580063 0.864321730356053 -0.4788511725660099 0 0 0 0 0 0
-13.02476978302002 23.826208114624023 1.5453290939331055 0.5559330164346954 -0.38996396685832874 -0.7340753270543404 0.26292871381628147 0.920276581525959 -0.28975766589654023 0 0 0 0 0 0
-12.635407447814941 24.27979278564453 1.4921395778656006 -0.0826450897742457 -0.28441316782106274 -0.9551329431582783 0.20077420203166557 0.9340086738759031 -0.2954953754682551 0 0 0 0 0 0
-12.350065231323242 24.563968658447266 1.3296805620193481 -0.738771884363098 -0.08215464171593688 -0.6689295312057343 0.1261688060311708 0.9581359236075799 -0.25701553314404707 0 0 0 0 0 0
-12.236533164978027 24.897520065307617 0.9661105871200562 -0.9679443024246002 -0.03468498674014952 -0.24875847543066654 0.07502507242031696 0.9052724066888194 -0.4181544071227268 0 0 0 0 0 0
-12.150848388671875 25.13147735595703 0.531059980392456 -0.9559792212083584 0.15749444566406148 0.2475868094281888 0.07201680596911132 0.9438780146389868 -0.32234744165135254 0 0 0 0 0 0
-12.288166999816895 25.34443473815918 0.07984080910682678 -0.5779341341766984 0.3979351517881215 0.7124884220285934 0.0008162184578197735 0.8733397504498827 -0.4871108847804224 0 0 0 0 0 0
-12.592597007751465 25.834510803222656 -0.033191412687301636 -0.04920743414272394 0.22496802513877345 0.9731228165500231 -0.08925509120424016 0.9694145487004043 -0.22862406142423883 0 0 0 0 0 0
-12.890060424804688 26.226234436035156 0.01310702320188284 0.6792600827929346 0.2103004723143604 0.7031212208918833 -0.023588606283102918 0.9638255820116549 -0.2654879001263817 0 0 0 0 0 0
-13.056807518005371 26.753631591796875 0.1029774621129036 0.9549329837953271 0.07386646119877868 0.287483464515305 -0.0006703557120265369 0.9690741643584652 -0.24676874720304792 0 0 0 0 0 0
-13.058931350708008 27.22146987915039 0.1837662011384964 0.9372871883347726 -0.2310417556483515 -0.26098358900594515 0.16767990868042812 0.9552966943158304 -0.24349881735682047 0 0 0 0 0 0
-12.676650047302246 27.538188934326172 0.36097705364227295 0.4433796234056687 -0.09973889823332246 -0.890767456594509 -0.04994762708031721 0.9894963181560322 -0.13565497007003532 0 0 0 0 0 0
-12.298388481140137 27.928890228271484 0.35042405128479004 -0.0723649143650609 -0.17278696869612198 -0.9822972984884683 0.2237790375432473 0.9569567940706374 -0.18481514179922032 0 0 0 0 0 0
-11.938119888305664 28.201107025146484 0.11421944946050644 -0.717055195425654 -0.056242895579761525 -0.6947435378683859 0.28606185104336257 0.8851817647179262 -0.3669085182828319 0 0 0 0 0 0
-11.649555206298828 28.47785186767578 -0.1934002935886383 -0.981123155155233 0.06506441085503084 -0.18210979341685143 0.13005844292116486 0.9189217025194908 -0.37238113011215085 0 0 0 0 0 0
-11.673125267028809 28.666841506958008 -0.629682719707489 -0.8636322441781357 0.3921441759359167 0.3168000822212296 0.20654401267926478 0.8484961539718451 -0.487230794923037 0 0 0 0 0 0
-11.766728401184082 29.051546096801758 -0.9962871670722961 -0.5097113908483419 0.2576320986415925 0.8208653968763561 -0.05100987102695579 0.9433832485490931 -0.3277591179735104 0 0 0 0 0 0
-12.16280460357666 29.493144989013672 -1.1989964246749878 0.21474850571830137 0.39611802063982887 0.8927337749946177 -0.13955414557711895 0.9171252974766688 -0.3733709002862598 0 0 0 0 0 0
-12.386682510375977 30.016864776611328 -1.212090015411377 0.6038336630687604 0.10592426957645049 0.7900411106136556 0.010339517758252256 0.990007213593299 -0.140637162250094 0 0 0 0 0 0
-12.664017677307129 30.3877010345459 -0.985493540763855 0.9928575490288254 0.034479816621093354 0.11421483958859953 -0.02553531955277676 0.9965577626307222 -0.07887061046921759 0 0 0 0 0 0
-12.565054893493652 30.89676284790039 -0.8311479687690735 0.8949367057782914 -0.20351337286437188 -0.3970775739273963 0.0933565921928223 0.9556313980046744 -0.27937998826289423 0 0 0 0 0 0
-12.36311149597168 31.412858963012695 -0.8122289776802063 0.2951966916848854 -0.40083082531913133 -0.8672909331316007 0.11781702212232098 0.9160865073301846 -0.38328143757011257 0 0 0 0 0 0
-7.377123832702637 24.262859344482422 -4.1598687171936035 -0.5707218052052584 -0.16329259494277118 0.8047435302629697 0.3814495412142723 0.8151468299229111 0.43592647679861124 0 0 0 0 0 0
-7.480107307434082 24.753652572631836 -4.001950263977051 0.0917333749911327 -0.4785284720853598 0.8732671351404375 0.5068385947292039 0.7773073768298568 0.37270347572676726 0 0 0 0 0 0
-7.553648471832275 25.07415008544922 -3.6631696224212646 0.6444254027972088 -0.5781848414125798 0.5004180146541141 0.46105152313227477 0.8158848457575844 0.34894614409752783 0 0 0 0 0 0
-7.411989688873291 25.535327911376953 -3.3433492183685303 0.7382959605181597 -0.6592093833749902 -0.14269570264353795 0.6658087023220438 0.6785006849586154 0.3103797551756976 0 0 0 0 0 0
-7.120645523071289 25.63176727294922 -2.991234064102173 0.7117998811438312 -0.1632864805128016 -0.6831386788093399 0.6163489357946936 0.6116229784592172 0.496015444885968 0 0 0 0 0 0
-6.667966365814209 25.83257293701172 -2.8659555912017822 0.26956364871401833 -0.03418867662458783 -0.9623754847681049 0.6636755700257787 0.7307219581714973 0.15993798047046345 0 0 0 0 0 0
-6.213707447052002 26.0217227935791 -2.8121917247772217 -0.24066437424247228 0.348054546538471 -0.906056671298423 0.657243074565881 0.7453486894676021 0.11174467344851813 0 0 0 0 0 0
-5.778808116912842 26.30569076538086 -2.870764970779419 -0.6153099674679359 0.5374933559594134 -0.5766233920281895 0.6484537568013319 0.7610540465731055 0.017448882054181394 0 0 0 0 0 0
-5.435403823852539 26.596113204956055 -3.1443655490875244 -0.8574771172892652 0.5123268984708347 -0.04747780985414906 0.5144675155561766 0.8523840217640908 -0.0936197355194367 0 0 0 0 0 0
-5.214720726013184 26.890016555786133 -3.4403481483459473 -0.6875270647331928 0.3372946570538049 0.6430698636869219 0.4434550394742772 0.896287678629466 0.004003136504105652 0 0 0 0 0 0
-5.086083889007568 27.44921875 -3.4566874504089355 -0.3891171222707379 0.003237745139094718 0.9211825997934143 0.2799617620383395 0.9531093215009051 0.1149088032505465 0 0 0 0 0 0
-5.257607460021973 27.906038284301758 -3.4384169578552246 0.4171405609115773 -0.0712918959449821 0.9060415100948436 0.2929182033197747 0.9542673378117374 -0.05977268732133888 0 0 0 0 0 0
-5.346276760101318 28.350622177124023 -3.2514710426330566 0.8128230261701571 -0.2799460701884223 0.5108316023051499 0.16483232563013817 0.9516426732636715 0.25924221656769825 0 0 0 0 0 0
-5.340481281280518 28.604780197143555 -2.7704927921295166 0.9688849836550016 -0.24312902200940115 0.04636989437770498 0.20756117955035608 0.900171379831595 0.3828966488175985 0 0 0 0 0 0
-4.987054824829102 28.909151077270508 -2.3629415035247803 0.8250097338510743 -0.34999285884338294 -0.4436935178809978 0.4962345733265568 0.8243274095751771 0.2724620525109658 0 0 0 0 0 0
-4.5735368728637695 29.223777770996094 -2.1589014530181885 0.42030317334372247 -0.27261246055583993 -0.8654638576086741 0.5749821100621983 0.8178805511126702 0.021609655713522004 0 0 0 0 0 0
-4.148128032684326 29.36074447631836 -2.089268207550049 -0.0856995563258327 0.1786565740358867 -0.9801721351881593 0.5680160796190729 0.8170106841754058 0.09925359055175033 0 0 0 0 0 0
-3.692483425140381 29.635154724121094 -2.310204267501831 -0.7354974712479488 0.3769633081726674 -0.5629761398846237 0.4101458350779207 0.9091023111779295 0.07289294738986833 0 0 0 0 0 0
-3.3674468994140625 29.828834533691406 -2.535964250564575 -0.8248300444193278 0.5200020291727331 0.22193081687645333 0.5518600356291198 0.8258166473594097 0.116092058382523 0 0 0 0 0 0
-3.2210240364074707 30.248088836669922 -2.7628355026245117 -0.5375385412322844 0.32475868386726053 0.7781928513824015 0.5365986197748309 0.8436328546333468 0.01858837913689088 0 0 0 0 0 0
-3.212540626525879 30.752422332763672 -2.8507652282714844 -0.2993749620363061 0.118123003990943 0.9467954309321079 0.40973057920958345 0.9120703401090517 0.015765378331584763 0 0 0 0 0 0
-3.3314929008483887 31.27041244506836 -2.8460683822631836 0.21463904251723048 -0.27173485768716155 0.938131253367579 0.5635646923348051 0.8189457043327876 0.10827174566086406 0 0 0 0 0 0
-3.281742572784424 31.7924861907959 -2.695521116256714 0.5950793443767851 -0.4251334793563242 0.6820132686586688 0.36504266908994326 0.8990174889240956 0.24189130689692823 0 0 0 0 0 0
-3.3379364013671875 32.18227005004883 -2.4057319164276123 0.9122256202826607 -0.4046619297516387 -0.06397765476785157 0.4086831790306831 0.909755204723747 0.07296250170757329 0 0 0 0 0 0
-14.2638578414917 21.14263343811035 -2.3339388370513916 0.08151755086127341 -0.24318651656429727 0.9665480883344101 -0.5617708722122222 0.7898390809436029 0.24610508598581238 0 0 0 0 0 0
-14.59638500213623 21.210615158081055 -2.004457950592041 0.5898710082610097 0.5083148903365027 0.6274298095208173 -0.7603887505913383 0.6111692908656122 0.2197294834039538 0 0 0 0 0 0
-14.898636817932129 21.517702102661133 -1.700852870941162 0.8033018146474037 0.595517514547573 0.008067493493623738 -0.5767269311768723 0.7744316225948087 0.26008019682490097 0 0 0 0 0 0
-15.14745044708252 21.94053077697754 -1.443399429321289 0.7904024983528847 0.36146772636590496 -0.49457554872171106 -0.4001307941015738 0.915967485473384 0.029981880648319786 0 0 0 0 0 0
-15.11976146697998 22.338211059570312 -1.2148476839065552 0.163254566046254 0.2659699501979716 -0.9500568047526095 -0.5100751168843156 0.847041211177284 0.1494809743839377 0 0 0 0 0 0
-15.055469512939453 22.800315856933594 -1.2927149534225464 -0.5399576954468 -0.07307074299943271 -0.8385143729509302 -0.47937261564927197 0.8455616599415057 0.23500505229152183 0 0 0 0 0 0
-14.977105140686035 23.278657913208008 -1.2519619464874268 -0.6714640444220225 -0.38820803210238974 -0.6312135620054516 -0.4825035106543205 0.8755315408432206 -0.02519688859664883 0 0 0 0 0 0
-14.976334571838379 23.760101318359375 -1.4370520114898682 -0.8233898955940571 -0.5617805282073127 -0.0801979922486864 -0.5600362752873902 0.8272484649405175 -0.044937151843258416 0 0 0 0 0 0
-15.296243667602539 24.01612091064453 -1.7133760452270508 -0.6592945921458804 -0.5023185539184271 0.5594700270403211 -0.6465853063131521 0.7585397065686759 -0.08090089751439261 0 0 0 0 0 0
-15.82629108428955 24.248767852783203 -1.8306382894515991 -0.1539595210857696 -0.289722850689904 0.9446465665290675 -0.4937244248916358 0.8506925429416953 0.18043943484952402 0 0 0 0 0 0
-16.331344604492188 24.315040588378906 -1.7615936994552612 0.34276173772229923 0.21857843821057393 0.9136398948727099 -0.5135754269745936 0.8579521911631898 -0.01258246741086973 0 0 0 0 0 0
-16.68214988708496 24.536409378051758 -1.6683930158615112 0.7700836494120334 0.5114849269825705 0.3812536457240493 -0.507291375258427 0.8533530200359977 -0.12018354206735683 0 0 0 0 0 0
-16.953197479248047 24.880830764770508 -1.4220553636550903 0.9063643000029294 0.41395527110387953 0.08452685493683905 -0.42228376762793624 0.881235549221576 0.21236837426062904 0 0 0 0 0 0
-17.136228561401367 25.11567497253418 -1.0055607557296753 0.7954061850461299 0.48681853040045314 -0.3610217711566777 -0.4802377243256817 0.8696229219318147 0.11457618332473629 0 0 0 0 0 0
-17.116371154785156 25.5721378326416 -0.7346425652503967 0.20165894784444588 0.2040335938926957 -0.9579686640582257 -0.5158037726280001 0.8535722170599803 0.07321842941522609 0 0 0 0 0 0
-17.100175857543945 26.036136627197266 -0.6011072397232056 -0.30185494463414553 -0.0295732397103022 -0.9528950707674765 -0.5454554595733261 0.8251159894158692 0.14717997700748195 0 0 0 0 0 0
-17.060565948486328 26.53185272216797 -0.7352604866027832 -0.7024503826363383 -0.3028812127392158 -0.6440702065021202 -0.29884403794948006 0.9468133739408733 -0.11931754233451981 0 0 0 0 0 0
-17.235595703125 26.864870071411133 -1.1468623876571655 -0.9086411763473962 -0.4011321038799328 0.11603554577317671 -0.4094481809811776 0.91042705935298 -0.05894706684043195 0 0 0 0 0 0
-17.520851135253906 27.201108932495117 -1.4524235725402832 -0.687470310678785 -0.3616952236266005 0.6297310037952065 -0.5210079918445497 0.8497258156280066 -0.08072614625651695 0 0 0 0 0 0
-17.888330459594727 27.505558013916016 -1.6911604404449463 -0.09126676461010699 -0.28306048488950736 0.9547497785135749 -0.5802070882355864 0.7943220039751052 0.180034132214299 0 0 0 0 0 0
-18.36484146118164 27.587810516357422 -1.5025821924209595 0.3208508127268427 0.1430326954471796 0.9362672716728054 -0.7040448301493336 0.6972538687378281 0.13475132530007952 0 0 0 0 0 0
-18.798004150390625 27.687850952148438 -1.2214977741241455 0.6893832753188823 0.40534735236595226 0.6003700722392171 -0.6436482829189776 0.7230173516409663 0.2509238871082929 0 0 0 0 0 0
-19.135223388671875 28.009244918823242 -0.8768891096115112 0.8769755740613319 0.4095677536639008 0.2513326434399313 -0.47959136943329783 0.7787535506973045 0.4043946409652769 0 0 0 0 0 0
-19.191326141357422 28.299224853515625 -0.46832340955734253 0.5539875642844636 0.6478049625225151 -0.5229211309073004 -0.49581046502140597 0.7612992497554657 0.4178461859309267 0 0 0 0 0 0
