180
0 11 16.8243 s 0.010691601672201621 
0 12 14.788917015760449 s 0.02483967127551482 
0 13 18.6275228324198 s 0.016296888523694594 
0 16 12.428984774281275 s 0.015835906568423531 
0 25 19.345893709395167 s 0.019358845584931537 
0 27 12.915120077143804 s 0.01645510408788085 
0 34 17.084998961039901 s 0.020793490164635664 
0 40 17.462770823821192 s 0.023211578717831208 
0 46 12.31185261386773 s 0.018024912494265834 
0 50 19.086661008528996 s 0.024479217503037682 
0 52 11.604801496884207 s 0.016091313916647594 
0 58 19.24984884325292 s 0.018479720576109849 
0 59 7.3224440960630668 s 0.018591128244372288 
0 68 14.834135146968483 s 0.018969302087156682 
0 75 11.984999627235931 s 0.036534059418470412 
0 83 14.844995144044256 s 0.022990801477193339 
0 84 15.749524982050159 s 0.020614861891579597 
0 85 7.0704106994500346 s 0.022201578656521715 
1 10 18.431257112730346 s 0.018196333916757422 
1 14 19.692922859785927 s 0.012553699983071015 
1 18 18.759992863202896 s 0.013804496545193371 
1 20 14.530054421561889 s 0.02212804079460463 
1 22 10.198067211621334 s 0.020593371325513896 
1 29 14.978281369655761 s 0.019564923660599219 
1 36 13.550719417975586 s 0.012541915519555084 
1 37 18.481853608280911 s 0.014552601833655199 
1 42 12.840761666931263 s 0.025292752989822049 
1 53 19.461732464253043 s 0.011375589201159293 
1 63 10.625562290647414 s 0.011641146569830873 
1 64 15.151837209338023 s 0.017161662828384897 
1 65 14.59580340761825 s 0.0218796940119881 
1 66 18.019274573764736 s 0.016305178440131522 
1 71 7.7317442754540977 s 0.018998759924887452 
1 72 16.43565870013116 s 0.01753031324786717 
1 79 7.5542866928199528 s 0.015127617304947343 
1 88 14.911370993027754 s 0.016799478553001644 
2 7 16.010025844602509 s 0.020787798700272832 
2 9 15.306119597417032 s 0.025629888415060604 
2 15 16.294530800838984 s 0.017267912905199353 
2 21 18.927514330367288 s 0.019605432167674772 
2 26 17.837623452936597 s 0.019153018401174064 
2 35 18.696033760197924 s 0.018365392296583946 
2 38 10.972637117885556 s 0.019957879178251491 
2 45 6.0517026112419741 s 0.020362569782420795 
2 54 18.870511416038173 s 0.017304933885966319 
2 55 16.236561739646071 s 0.02658692895048937 
2 61 10.976418485874694 s 0.015041098570865673 
2 62 14.489499667085646 s 0.022967283540403571 
2 70 14.06036994762918 s 0.019479556355276019 
2 76 12.14003949129612 s 0.013861801505753718 
2 78 13.175232885987205 s 0.017528736513889184 
2 86 14.067716787098634 s 0.020763948794871822 
2 89 5.9142970588907131 s 0.017622599478806341 
3 5 18.447987458328019 s 0.016402274012265138 
3 13 18.122244713789517 s 0.014962890997258791 
3 23 9.7659613362253292 s 0.016867353687437029 
3 28 13.692635125935885 s 0.015852400506397503 
3 31 14.201308067747581 s 0.014373124228600959 
3 39 12.431103086969694 s 0.01776105258615172 
3 42 18.323756081776121 s 0.028754897827443809 
3 44 11.626740206208819 s 0.013179555986056175 
3 56 18.607704822668808 s 0.021244262347392229 
3 66 18.174664418029735 s 0.017528750408520925 
3 67 6.6978152388431313 s 0.016974730299536646 
3 69 8.5354894209738923 s 0.01442108301625189 
3 72 18.227711931692134 s 0.014476906695425959 
3 74 6.3547363415176861 s 0.015535352302508793 
3 81 7.4183155907625951 s 0.019078179413078173 
3 82 16.279249726352305 s 0.018556190908346835 
4 11 19.020880686159256 s 0.01770782427665861 
4 15 13.983301838758798 s 0.014765297447346212 
4 17 14.975640363058035 s 0.036701029103653401 
4 19 18.969944513388509 s 0.019356683154334677 
4 32 13.806836494478061 s 0.019657511990251834 
4 34 18.903387834709154 s 0.023814401226384313 
4 38 13.658656304890998 s 0.022743236464077356 
4 47 15.431640379665257 s 0.01788307922271009 
4 49 8.0598326685782631 s 0.030773618392891142 
4 51 12.315290813329934 s 0.019450836485672612 
4 54 19.44865123726964 s 0.018446848003327361 
4 55 8.077064829915809 s 0.021634137908432487 
4 57 14.810995331815347 s 0.022897975669830466 
4 61 19.27104897031608 s 0.015447452099518756 
4 80 10.693066293530761 s 0.019731551356959125 
4 86 15.290341690595755 s 0.019933623448825669 
4 89 18.607033193507753 s 0.016461358069344251 
5 13 18.345072644051282 s 0.013363969930176777 
5 16 18.329476674598116 s 0.013069842789107619 
5 18 12.121406926895659 s 0.015440342536509184 
5 28 7.000772746598928 s 0.016253247327009102 
5 29 19.008310820824761 s 0.019360800425801711 
5 33 7.6052496977448802 s 0.017050459588854688 
5 40 14.299072692643538 s 0.019237204120217413 
5 42 17.798419771174782 s 0.025963548582601501 
5 44 18.905925617657481 s 0.010840255664729667 
5 56 7.3334764926686935 s 0.019024236639448737 
5 66 11.316093173257196 s 0.015772728243340198 
5 67 12.379010561414111 s 0.014840940133816198 
5 83 18.979074875505439 s 0.015513309515 
5 87 13.623123479150514 s 0.016029604665728156 
6 8 17.581518179099 s 0.020364055001473202 
6 17 16.707238859904294 s 0.025069350275740955 
6 30 7.963130609852036 s 0.019608894817044756 
6 43 8.3310529103803379 s 0.021480076059681708 
6 46 15.785023293646413 s 0.01893807948752841 
6 50 7.039893868624441 s 0.018650891227794775 
6 51 19.846768050249484 s 0.016278617105318083 
6 60 9.6110846227321485 s 0.021405677131848256 
6 83 13.997976552159722 s 0.022622005869492364 
6 84 8.1360991825587803 s 0.021101568504056544 
6 87 15.226233936035351 s 0.022131883616642006 
7 21 14.444775820010484 s 0.018169607456365255 
7 23 19.859032217379497 s 0.01706098246887993 
7 25 16.229932691129882 s 0.014503194298120621 
7 26 11.223593167469739 s 0.014191126238284495 
7 31 17.419425068774512 s 0.014641284129748413 
7 45 13.78698645605116 s 0.018871720539671743 
7 48 11.18380258451791 s 0.016669934435667791 
7 58 16.015231410728667 s 0.015503764982433988 
7 61 18.843353806664748 s 0.01279757076745364 
7 62 18.774388697231185 s 0.024423335186455914 
7 70 7.0475799820963978 s 0.018372768112553662 
7 73 6.6515419953243553 s 0.021282900173536977 
7 76 14.030543605134925 s 0.011782362198038897 
7 77 14.700984020669784 s 0.011687752274496702 
7 78 14.048919000201094 s 0.012806913889106283 
7 82 14.197114365167412 s 0.020617312469127583 
7 89 19.71004121429182 s 0.014614317419175423 
8 18 17.962284307726723 s 0.015369831602059663 
8 20 13.84851125233039 s 0.021923464259888524 
8 24 13.17991424421462 s 0.018582389213628144 
8 29 11.831640873866574 s 0.021706127146072649 
8 30 15.225985568918258 s 0.024592993126607825 
8 43 16.078390734768661 s 0.031141815621673251 
8 53 8.5652094810062476 s 0.014247629966043979 
8 57 19.522403831832275 s 0.019894716884034932 
8 60 8.4721236319899464 s 0.015955407105344058 
8 64 19.387894340095105 s 0.016509784283212987 
8 65 8.1751820518356393 s 0.021167158355618717 
8 71 15.103124582438163 s 0.01800167379758583 
8 87 17.345609599578399 s 0.017896473695709857 
9 10 12.479527645124763 s 0.020900605185115384 
9 14 15.321021633478381 s 0.024856892363193345 
9 19 17.877971309551167 s 0.01737248507554047 
9 21 15.828852130159149 s 0.020822924285239762 
9 35 6.9510346061017421 s 0.019031399571498988 
9 36 13.965347448237875 s 0.018709414460834611 
9 37 18.367588863003242 s 0.020993616823958127 
9 38 18.860642728790605 s 0.025589926871958945 
9 41 12.279698025217431 s 0.026931010485988185 
9 45 12.372709959469088 s 0.024234291835430757 
9 54 13.027218760120643 s 0.014827173807845016 
9 62 6.7211461104665986 s 0.021708557576965912 
9 63 17.989725301105715 s 0.020272117926904858 
9 70 18.242819495765659 s 0.023699606269036087 
9 76 12.070268941911603 s 0.014647640128324504 
9 86 14.728624051881749 s 0.022258437832926633 
9 89 19.436196128034432 s 0.019603787466593067 
10 14 19.584570794340287 s 0.013852705773432582 
10 19 10.979018647805662 s 0.017003309077004206 
10 20 19.471174023472365 s 0.019694188624695873 
10 32 17.244984414176805 s 0.014974391486255321 
10 35 7.1420828551023625 s 0.018207649767840048 
10 36 6.8711084586419116 s 0.019264066512775364 
10 37 7.2245197234064742 s 0.017191709835152742 
10 54 11.016516061598375 s 0.016286422245055578 
10 62 18.633459193925017 s 0.020114331575943684 
10 63 13.677667956197221 s 0.015161568667984474 
10 64 13.191118703548199 s 0.017712537317499878 
10 79 19.100551626647253 s 0.016135801550113463 
10 86 17.048077652235818 s 0.018056133568856048 
11 12 19.138448356409405 s 0.010400301863592368 
11 15 19.708626123413953 s 0.010629505459106185 
11 17 18.330556392316627 s 0.019362971684862833 
11 34 6.7892112032853138 s 0.015195609743119648 
11 43 19.499531480334849 s 0.01905135233994237 
11 46 8.0326841540948397 s 0.010528108532310933 
11 47 13.039558857692843 s 0.011569401288947154 
11 49 19.171293966246456 s 0.021489604358176824 
11 51 9.7311883450354788 s 0.010212173432651048 
11 52 7.9798390596750588 s 0.014757417408946589 
11 75 13.054273429600579 s 0.020982852143364882 
11 84 15.174925952222893 s 0.0086591864252580086 
11 85 10.200070817107751 s 0.012234753665152327 
12 15 18.863566881776357 s 0.01911898187030368 
12 25 10.969963184271721 s 0.016685454390794018 
12 26 11.261487823302136 s 0.01325720579689834 
12 27 18.29425628526074 s 0.021315499847100166 
12 34 13.97054923355771 s 0.020629976285403081 
12 47 14.655496725867909 s 0.019828300286616349 
12 48 16.978074162453861 s 0.023280340419818482 
12 52 12.655874765664946 s 0.016304812191717439 
12 58 6.2651377971718833 s 0.017537349063339893 
12 59 18.692590701774186 s 0.021174728772834259 
12 61 18.367152048457879 s 0.0203354255394224 
12 68 13.204932204470717 s 0.019073255759967583 
12 73 15.896880808003612 s 0.026927195334813223 
12 75 6.4287369844088733 s 0.024254101144941021 
12 78 13.892087079315791 s 0.018009363882164429 
12 85 14.171691024811073 s 0.022448057354564208 
13 16 13.142586999306884 s 0.014219107114098423 
13 23 17.869370161111046 s 0.01638688575110786 
13 25 19.19215618796208 s 0.014514141491584443 
13 27 7.1398413687371765 s 0.015878249450690433 
13 40 7.4608375338122759 s 0.018729588345524174 
13 44 7.4089461817351365 s 0.015980148029469506 
13 56 11.781020737617474 s 0.016400442025527193 
13 59 11.884958655261677 s 0.01560284228081924 
13 67 18.229439980439896 s 0.010306081909510979 
13 68 12.784691840833416 s 0.014131817652199169 
13 74 14.787630686984407 s 0.013252703779632238 
13 82 18.095037868238123 s 0.022348912610984702 
13 83 19.905302126159668 s 0.013452934448436361 
14 21 13.873354144363068 s 0.017305845668335377 
14 22 14.553526659129776 s 0.021197363703367986 
14 31 16.671266939532725 s 0.011724838914617199 
14 35 19.482646405943036 s 0.012388523636609573 
14 36 14.60146057981127 s 0.011185717513950765 
14 39 12.773404959850662 s 0.016516379805702034 
14 41 7.1670720397033385 s 0.018724418944060753 
14 62 13.512669738633489 s 0.019835468078727877 
14 63 11.557073068965458 s 0.011352410371453221 
14 69 19.850768716281703 s 0.011717341772037733 
14 72 10.102517961828243 s 0.015092857690341171 
14 76 17.923066380873998 s 0.011024176460191678 
14 77 13.893051511523716 s 0.009898129373335748 
14 79 13.917858268767842 s 0.013946419103359003 
14 81 17.373208503960981 s 0.013075775986252798 
14 88 7.0081619013325938 s 0.016100011585645575 
15 26 17.99936302455183 s 0.013487154740491685 
15 34 14.80794185777566 s 0.017940246844848892 
15 38 12.353166661889652 s 0.017238608137421053 
15 47 7.3940355645947369 s 0.016300999514961598 
15 51 19.884007929263369 s 0.012658945398169461 
15 55 7.68581673076398 s 0.016069221313994915 
15 61 7.0809636742153481 s 0.015492470026278772 
15 75 18.257936197357598 s 0.033241359654879329 
15 78 11.952885840025118 s 0.014912574978705562 
15 86 18.803164423484841 s 0.014036525808162302 
15 89 11.04441630021465 s 0.01417889619792582 
16 27 12.545427838881983 s 0.014479374574915858 
16 30 19.193376243425327 s 0.019115239815728709 
16 33 19.92068117818863 s 0.013730247850904521 
16 40 7.4214290568950547 s 0.018228285023949246 
16 44 19.711316103685739 s 0.0088301584809374577 
16 46 19.93143830006769 s 0.011939088018873606 
16 50 14.943709293124302 s 0.017525731969700808 
16 56 12.060096479294449 s 0.017473524690812182 
16 59 7.3253007467625695 s 0.015550107103401139 
16 68 18.993492549088835 s 0.012645572629450087 
16 83 7.6744418299253079 s 0.015984356551627561 
16 84 17.685759069475427 s 0.013739081920864779 
16 85 18.56236526468615 s 0.016112935267283555 
16 87 16.86641776202206 s 0.015394952811900658 
17 24 12.566109148535277 s 0.025175866815110116 
17 32 17.703595652528325 s 0.02544460752044236 
17 43 8.5925374968925077 s 0.026008949232337642 
17 46 19.371620873745474 s 0.018277237771747536 
17 49 7.9007470935151138 s 0.022086828478589081 
17 51 9.6129244119268709 s 0.021755500997127752 
17 53 19.479054292086055 s 0.023244217270895238 
17 57 6.5103584498262661 s 0.021416990273734143 
17 60 18.616611970471766 s 0.023024551698912574 
17 80 11.639835530681712 s 0.022934117235801351 
17 84 18.191347113885413 s 0.01868439216335659 
18 22 18.996144899161475 s 0.0158772955896135 
18 28 12.021029410889611 s 0.015269108041458687 
18 29 7.5396383377725593 s 0.016459592152997547 
18 30 19.616354033521223 s 0.018122663827255785 
18 33 7.8206275918160779 s 0.015462467427459789 
18 42 12.408232498149822 s 0.01764602527666877 
18 56 18.384404414945738 s 0.018273997175202478 
18 60 19.577067120049424 s 0.016302232948664837 
18 65 14.904724364554854 s 0.021120423427733775 
18 66 7.2716404602765756 s 0.017347457306744526 
18 67 18.36111345095167 s 0.011688780972613879 
18 71 18.084550759911657 s 0.016358689064446371 
18 87 13.602136500780386 s 0.014806957769560203 
19 20 19.226224046144626 s 0.016009893969373384 
19 24 18.513460121465062 s 0.015989976954530548 
19 32 6.9611751112995206 s 0.01538549821572149 
19 35 11.507760765647365 s 0.015282640325901889 
19 36 17.192349526077141 s 0.010750068835133055 
19 37 7.4539250938158874 s 0.016315669813261626 
19 38 18.17372969069319 s 0.016038167426235053 
19 54 6.5686706894850149 s 0.015516461887082679 
19 57 18.992690929225393 s 0.018718763784316025 
19 64 13.007264760392843 s 0.014778573667827942 
19 80 13.660683994839239 s 0.015627562980367146 
19 86 11.517265935864227 s 0.014833046324920602 
20 24 12.411977474982255 s 0.023040475958338393 
20 29 16.67932430490572 s 0.022614200658352592 
20 32 19.243509454192822 s 0.017831972371371064 
20 36 19.597986505224267 s 0.013398787351470867 
20 37 14.087488856031188 s 0.018463332050847048 
20 53 6.8459278927433216 s 0.018917621578795243 
20 64 6.7951045029166481 s 0.020542548503159161 
20 65 10.178846372142226 s 0.021110366752177728 
20 71 7.7932548787789422 s 0.020515174978666752 
21 31 12.977887889452647 s 0.018837276181219567 
21 41 7.2131830963214139 s 0.018951007422644991 
21 45 13.118808234724019 s 0.019591137833923272 
21 62 9.3115958831174819 s 0.018907020572545789 
21 69 19.198696479239619 s 0.016450498756248141 
21 70 8.1556431260628592 s 0.017801149789360739 
21 76 7.6574487321105051 s 0.018095666947876166 
21 77 6.3042467846804806 s 0.0186899733240471 
22 28 19.016008023985929 s 0.016833809804152774 
22 29 19.259594007506312 s 0.022865934095933411 
22 36 17.39506157958807 s 0.022470871033681464 
22 39 11.862106520864042 s 0.024140253513840967 
22 42 7.2789048663024412 s 0.022814829344775134 
22 63 11.541377528571967 s 0.015767064348846619 
22 66 14.392531908335247 s 0.022082123353856203 
22 67 19.136017260470648 s 0.013840527289892924 
22 71 17.253533740533207 s 0.022934132873490689 
22 72 7.0922871317378053 s 0.018502974145048673 
22 79 6.0627634435478042 s 0.016948083568657298 
22 81 17.425169610107286 s 0.02159847509591712 
22 88 9.1838748532810754 s 0.016693774747791327 
23 31 9.281269871551924 s 0.020426930811381378 
23 39 16.574982213270552 s 0.023421501610197695 
23 44 11.043888960373211 s 0.017311166693684606 
23 48 14.469021711978602 s 0.020581708768152764 
23 67 15.795728694982621 s 0.017613141901188515 
23 68 19.469393903281446 s 0.016894764033836135 
23 69 6.6554425920884297 s 0.015774739716920096 
23 74 5.9449254777747775 s 0.015874535756058891 
23 77 15.281615520679761 s 0.014717831680596693 
23 81 10.903586710713238 s 0.019189811466517735 
23 82 7.1758913031090437 s 0.021512464422903117 
24 32 14.064973782737329 s 0.017628765812549622 
24 37 18.21486164228337 s 0.017043306568372434 
24 43 14.829246341001797 s 0.026628858152701211 
24 49 15.489636606941469 s 0.026506021879746846 
24 53 7.9011544601446655 s 0.014986151042711969 
24 57 8.0734215754198342 s 0.019394877052659971 
24 60 17.107473038459204 s 0.022004843512026355 
24 64 13.823204484392008 s 0.018396266596590993 
24 65 16.710672507608262 s 0.026987308051991506 
24 71 18.463789196629151 s 0.021787575622059303 
24 80 11.995639424957936 s 0.018829124303581624 
25 26 11.630887823349012 s 0.015168018715645161 
25 27 14.38944652917745 s 0.016637032821772674 
25 44 19.594037566321237 s 0.01096389466840576 
25 48 7.5270597017449372 s 0.016349000036845359 
25 58 6.4959620908770868 s 0.017583986980732179 
25 59 19.039086413716792 s 0.015985478716039274 
25 68 7.1070579254141792 s 0.018467934069093896 
25 73 10.218330496804125 s 0.019032261393206802 
25 75 16.790006565665578 s 0.022651035134353799 
25 78 17.799285401477707 s 0.013358341803137514 
25 82 13.587515185809009 s 0.017641198238783625 
26 45 19.436628143577931 s 0.01644636736753962 
26 47 18.333251252810374 s 0.012624607633117596 
26 48 12.78797001973955 s 0.013859348493953011 
26 58 7.1410610526586034 s 0.016208582570882341 
26 61 13.336323213930172 s 0.01354168411792757 
26 68 17.790143452196055 s 0.011037533341987793 
26 70 17.278189788821191 s 0.013672483088343493 
26 73 7.3005655967969858 s 0.01833559854596958 
26 75 16.831531440076319 s 0.017653049447143514 
26 78 6.762038482886668 s 0.016428684131046773 
26 82 19.206991383500359 s 0.015645864265252721 
26 89 18.058802036508759 s 0.011936450369308111 
27 40 10.948056759190177 s 0.017433362425988204 
27 44 12.677419533089253 s 0.012823464007176291 
27 48 17.961227177970571 s 0.016213523350138696 
27 56 16.779065499985443 s 0.017367510003095228 
27 58 18.60445247313648 s 0.014670502238092888 
27 59 7.3836183643903253 s 0.017775823315136875 
27 68 7.3095602555970505 s 0.01722482153167296 
27 74 19.553175772750162 s 0.012863540290946447 
27 82 18.441686068264875 s 0.023004054199346556 
27 83 19.279584259910443 s 0.014791700598390141 
27 85 19.487985782848195 s 0.016113843331511387 
28 29 18.773779258562215 s 0.016681692215764508 
28 33 12.053381792681074 s 0.016172920256157252 
28 39 18.570892575202674 s 0.017997719380100727 
28 40 18.762382657211344 s 0.016558433606017994 
28 42 12.32455960709289 s 0.018297850119821966 
28 44 18.360341526822513 s 0.010131272667381192 
28 56 12.301201790768594 s 0.016045827932965821 
28 66 7.0425882792251873 s 0.017000401180765526 
28 67 7.0350074518907828 s 0.017399000018285551 
28 74 18.276038607721983 s 0.013808542226238065 
28 81 17.912021616778468 s 0.015608397552740575 
28 87 18.938816308938176 s 0.014694867678325356 
29 30 19.155692807074342 s 0.023384353946033512 
29 33 13.485887597235683 s 0.017495657366882484 
29 42 14.760079413424133 s 0.032290807619629075 
29 53 16.142174007777708 s 0.014114867574031546 
29 60 16.256052784603437 s 0.021544852399676396 
29 65 7.3684658687171734 s 0.02297985066529426 
29 66 12.959110981760968 s 0.019505229854881845 
29 71 11.712124396674458 s 0.023121841409735583 
29 87 15.868954756479974 s 0.021449415471547162 
30 33 15.446485173072139 s 0.019100257386948184 
30 43 14.384264702789931 s 0.030799545924767621 
30 50 6.6653352312716745 s 0.020813115775152866 
30 60 7.4560132483238108 s 0.019746831924460449 
30 83 11.903895988208856 s 0.021892897002681981 
30 84 13.667225726995376 s 0.021447879646840726 
30 87 7.7862539940342259 s 0.021660916475260885 
31 39 12.544601551760595 s 0.019971866019936946 
31 41 15.019295069344393 s 0.020949513317451027 
31 44 19.742538311841059 s 0.0093436208290890079 
31 48 17.833072662737194 s 0.014301454614959609 
31 67 19.7596367863936 s 0.010328340019456338 
31 69 6.3684639154349298 s 0.015484153128422362 
31 70 15.978196285917699 s 0.017049835203157782 
31 72 17.538510769730177 s 0.015021711543952453 
31 74 14.10067756995244 s 0.013877808165143122 
31 76 19.671017318280231 s 0.012882062603428513 
31 77 6.6824730024699681 s 0.015688863360547249 
31 81 9.4257341094781211 s 0.018593072319626862 
31 82 11.933864788713993 s 0.020823680698020763 
32 35 17.454375934749756 s 0.014934274908401698 
32 37 12.321213132695824 s 0.013302447014888389 
32 38 17.985587890284481 s 0.015344462636579445 
32 49 13.335460225370854 s 0.025883464689554672 
32 53 19.516791657155231 s 0.012153683816104566 
32 54 11.633480587733077 s 0.01336185845755687 
32 55 18.205069855892848 s 0.016451662263519594 
32 57 12.500467042919137 s 0.018248404619272782 
32 64 14.70551730340955 s 0.014122168112029106 
32 80 6.7160849984582285 s 0.01691008641101871 
32 86 13.240159807047707 s 0.01468471271889484 
33 40 18.618073809845445 s 0.016771764644166621 
33 42 18.325090950092633 s 0.022761924223995547 
33 50 18.92995576915899 s 0.018639355749892828 
33 56 12.619214585557335 s 0.019012034878526575 
33 60 18.346577522279869 s 0.015723255493383881 
33 66 11.854564285276044 s 0.016451685357006685 
33 67 18.479994046046787 s 0.012578547009268352 
33 83 17.468790063362249 s 0.017719960140243528 
33 87 7.8825782322629374 s 0.016708510176382054 
34 46 13.107912169608072 s 0.016459879044780124 
34 47 7.4700037760814126 s 0.019534496810197748 
34 51 13.889020066325704 s 0.019540331361169647 
34 52 6.2949797034141159 s 0.016276927403126817 
34 55 18.870273524581926 s 0.023230248033629306 
34 58 19.807169107850704 s 0.016028901608163136 
34 61 19.525737425665017 s 0.013386450225498357 
34 75 8.4976134193985828 s 0.023327680841455565 
34 78 19.741299094013819 s 0.012546064432581081 
34 85 10.884283990128059 s 0.019916620905432707 
35 36 11.795065678671982 s 0.015100189472854783 
35 37 12.2551822458259 s 0.015182140406197505 
35 38 18.068138847646409 s 0.017298766338203042 
35 41 18.375355579375263 s 0.019499665751292441 
35 45 17.694732033175534 s 0.020019029056173206 
35 54 7.3623229585612409 s 0.016292530616879793 
35 62 13.662546717463638 s 0.020651607881193811 
35 63 17.819510110075665 s 0.012483416779392421 
35 64 18.759389997000778 s 0.017291764298179645 
35 76 18.733136271328089 s 0.013608187224769997 
35 86 11.860420979949346 s 0.017066435429638951 
36 37 11.878115311724091 s 0.013715763674804751 
36 41 18.100338141984238 s 0.016139683674679106 
36 54 17.269879937369389 s 0.010499658305802136 
36 62 18.385047776195858 s 0.013670031065060444 
36 63 6.8229284209944305 s 0.014343919097913856 
36 64 14.871842399262778 s 0.012809631024563308 
36 71 17.662585527114377 s 0.01530257549153599 
36 72 19.050599863167161 s 0.014346147030173503 
36 79 12.551885483888615 s 0.014312741060117843 
36 88 13.674908850242394 s 0.014582071547575258 
37 53 18.612085766490136 s 0.012193201715195232 
37 54 11.748678861779405 s 0.014183484803069371 
37 63 17.835197464878366 s 0.012222444474663204 
37 64 7.3035004250081466 s 0.017311882461779622 
37 71 17.323891885593476 s 0.018212455756867373 
37 80 18.238199291689686 s 0.014892250619672144 
37 86 17.651961648887706 s 0.015683778994131585 
38 45 16.117474244560352 s 0.020247426034666584 
38 47 18.751581300192651 s 0.018466269664235452 
38 54 13.923406670826727 s 0.017405215943746548 
38 55 7.5523907419324505 s 0.019720838467330123 
38 61 12.313259111504767 s 0.016096377787056332 
38 78 17.928196286117302 s 0.01407266604597221 
38 86 7.1753182468213632 s 0.020403285381814334 
38 89 7.188621708381933 s 0.017976946673443468 
39 41 16.85627848356128 s 0.02589997693978064 
39 42 13.69414112339433 s 0.031847003444677439 
39 63 18.902557962578946 s 0.016202631462170897 
39 66 18.337280419845985 s 0.021213272838917326 
39 67 14.319455142276022 s 0.017004115681292172 
39 69 11.025694608978835 s 0.014594646551577807 
39 72 6.347598025521779 s 0.020429418035834354 
39 74 17.327267644335215 s 0.015068798945396653 
39 77 15.561191746845864 s 0.017647072392028691 
39 79 16.301978744838273 s 0.017359172770613222 
39 81 6.2312610467336729 s 0.019313520849337594 
39 88 12.335291888880432 s 0.01792973712286897 
40 44 13.449693814688754 s 0.015928355535530875 
40 56 6.9802976319446914 s 0.021400975477451348 
40 59 10.589028830986399 s 0.018378362123255925 
40 67 19.237255452127584 s 0.014098364454154974 
40 68 17.87234880862232 s 0.019592021754272208 
40 83 13.659754786225616 s 0.020771498577930241 
40 87 18.662941197007235 s 0.018491905902099374 
41 45 15.754468586980325 s 0.023351662190805485 
41 62 7.7355508205448533 s 0.023671416447902112 
41 63 17.363504349292253 s 0.013427284655988584 
41 70 14.239229652774418 s 0.020449572459240607 
41 72 16.333140731465068 s 0.01969591717157999 
41 76 11.007762763430316 s 0.01668739764648073 
41 77 9.7478194931500664 s 0.015785902910427092 
41 81 19.487447745342202 s 0.022097492311173843 
41 88 14.166271001932168 s 0.017672621712227728 
42 63 18.037686786310498 s 0.020599507464383045 
42 65 19.818464476017059 s 0.033265046376489353 
42 66 7.114546702691948 s 0.019721305199796032 
42 67 14.304630779750751 s 0.018879728560530988 
42 71 17.472118541629953 s 0.03129912839417448 
42 72 12.04907053481668 s 0.020517629475727786 
42 79 12.548565468856227 s 0.017048845626676804 
42 81 17.316882429830443 s 0.029878546098207708 
42 88 16.111467482708026 s 0.020791370455039686 
43 46 16.850451518588137 s 0.027022694046900067 
43 49 16.305124366614027 s 0.034693143728753845 
43 50 14.667840253592054 s 0.027731280895346714 
43 51 14.253690748576783 s 0.018996652783809825 
43 53 18.873095301763424 s 0.022132715965206873 
43 57 13.176820413855021 s 0.023983077348831899 
43 60 11.342944056250664 s 0.02415109121613215 
43 80 19.157148571860205 s 0.02392001742083729 
43 84 12.263736185682562 s 0.022902052964806144 
44 48 17.888539068056883 s 0.010428870103109979 
44 56 14.507552966806429 s 0.014916572815869819 
44 59 18.429215659745889 s 0.012351662784161289 
44 67 13.811799867613281 s 0.0089122523340995404 
44 68 15.13858609785497 s 0.01055564065037117 
44 69 15.939783884297274 s 0.01137433742841993 
44 74 7.4079059568400831 s 0.014618287572264094 
44 81 17.687004498890598 s 0.013840452929506631 
44 82 13.28546120603378 s 0.015191650402316225 
45 61 16.280451099401166 s 0.013838104798948588 
45 62 9.3543784377949102 s 0.020512719671154259 
45 70 9.4758330674150688 s 0.018836500122749407 
45 73 19.338863144069162 s 0.022509603860002628 
45 76 6.0883511499388101 s 0.014408084347044077 
45 77 17.845350513633136 s 0.011938114161664754 
45 78 16.621028389826925 s 0.014114039409428208 
45 86 17.151673658912632 s 0.01878522955357911 
45 89 11.954259968294764 s 0.018583909176595598 
46 47 19.682315423402446 s 0.01400444525387242 
46 50 15.920831957336842 s 0.019692251530229528 
46 51 13.977383422944687 s 0.011422228857846162 
46 52 10.071411211864783 s 0.014813757839519999 
46 59 18.463146650607204 s 0.0140216878103996 
46 75 15.166217008870092 s 0.033876478882324264 
46 83 16.905945830391953 s 0.014808779607572377 
46 84 8.1215708126778559 s 0.016027093740428232 
46 85 7.7371339882959429 s 0.017711995757623788 
47 51 16.015441941824815 s 0.014143093132300865 
47 52 13.124024317700222 s 0.013902238152048531 
47 55 12.698904250421862 s 0.019804549433650481 
47 58 18.912209866900422 s 0.015319765184269566 
47 61 12.563791042198378 s 0.013767028663711284 
47 75 12.053269797509264 s 0.034396636796311622 
47 78 14.335106949613396 s 0.014458661710008269 
47 85 17.407236391415044 s 0.022618540541703473 
47 89 17.655295609807801 s 0.013658575017131077 
48 58 11.746391515293409 s 0.01585686464553324 
48 68 11.864402086384644 s 0.016524449441163203 
48 69 19.919606143396972 s 0.012921765394624007 
48 70 17.178294549531877 s 0.015833133987545298 
48 73 7.0734666147942322 s 0.021161710353010565 
48 74 18.610621021297234 s 0.012566083700749681 
48 77 19.305653767756038 s 0.011224402436263273 
48 78 18.750802767921279 s 0.013771086198512431 
48 82 7.3143407253466863 s 0.021602477040419343 
49 51 9.7789134424774176 s 0.025917900482716114 
49 55 16.114063740054725 s 0.030400849762511697 
49 57 7.7924746559130682 s 0.020452125815521818 
49 80 7.0623809198896579 s 0.023937851274069385 
50 59 19.563858429436173 s 0.018940113411857844 
50 60 12.818160442590754 s 0.021239813429364898 
50 83 7.3117323950575699 s 0.020021781683505959 
50 84 8.3316197896471991 s 0.018620758029738848 
50 87 11.338956673400849 s 0.01997867184303926 
51 52 17.134104731073016 s 0.013931254399853604 
51 55 18.167580277560798 s 0.016892827305529115 
51 57 14.712260649380454 s 0.01753768413434513 
51 80 16.352092315128228 s 0.011886622726359783 
51 84 17.03060903064236 s 0.014248849972305523 
51 85 18.630394887827023 s 0.022012859738230316 
52 58 18.910518115298398 s 0.014843812239845247 
52 59 18.793504683154445 s 0.014383442385049116 
52 75 6.2460080887411351 s 0.016588763418658743 
52 84 17.836025247883995 s 0.015354679784956924 
52 85 5.1493995802778283 s 0.017465461864911127 
53 57 15.913542050418336 s 0.017500304035289651 
53 60 15.869054920943123 s 0.014391919132842568 
53 64 11.936145235852099 s 0.014494009230494747 
53 65 9.5393225284733383 s 0.016623697662287402 
53 71 12.188839908166699 s 0.014868280086566659 
53 80 19.28287988053286 s 0.016321474530694085 
54 55 18.841906048143407 s 0.018924719150023254 
54 62 19.260392046140176 s 0.014073286869698052 
54 64 18.27693598276409 s 0.013009474734808879 
54 80 17.704596732177048 s 0.014873485240566951 
54 86 6.7545106413610805 s 0.016360978557485386 
54 89 19.16033165195212 s 0.012591939411987121 
55 61 11.939778300152945 s 0.016211173078108466 
55 78 17.562086863653217 s 0.019302031143685554 
55 80 17.556087176441007 s 0.018747196474330614 
55 86 12.680369286544154 s 0.022062110494695114 
55 89 11.150392966626864 s 0.016224948140499421 
56 59 16.589480393683559 s 0.021280583281678995 
56 66 17.561092871998731 s 0.024358060673837108 
56 67 14.442716391499898 s 0.014760433978697203 
56 74 19.27360776489704 s 0.016446452575040373 
56 83 15.129571780630224 s 0.024563547312731304 
56 87 15.050126758932583 s 0.024333584903958583 
57 64 19.635429711591883 s 0.01951737203532088 
57 80 6.8971258900880814 s 0.018341549663066097 
58 61 18.515853286287779 s 0.013228129584674019 
58 68 11.864149877291331 s 0.016434857894293046 
58 73 10.209719821177096 s 0.01827608341306081 
58 75 12.688824735704067 s 0.021437334430028831 
58 78 12.508383918162433 s 0.015272267316767223 
58 82 18.39560984297276 s 0.021478406036492433 
59 68 12.618620457509401 s 0.01777477785993729 
59 75 17.974185857664317 s 0.035235115625922353 
59 83 13.180368935120553 s 0.017686942240351056 
59 84 19.332137717696384 s 0.015186637911265162 
59 85 14.366671264983404 s 0.021460217844228871 
60 65 15.782105999846047 s 0.026478037724499508 
60 83 18.437107411708187 s 0.016483947432837553 
60 84 16.974097241486433 s 0.014655991134054757 
60 87 12.506647014656462 s 0.018652605731157866 
61 73 19.161481172956741 s 0.019041628549325455 
61 78 6.5837549782895968 s 0.015034004985384111 
61 86 18.748924720509841 s 0.012099206435424028 
61 89 6.9720058437589101 s 0.015504537911206122 
62 70 12.467192347086401 s 0.020200284487769619 
62 76 6.1980927677274744 s 0.016826178609942795 
62 77 14.402608370968867 s 0.014785355646690101 
62 86 19.444453673455214 s 0.019717081897730509 
62 88 19.890820768364431 s 0.018982698556738297 
62 89 19.898777972209125 s 0.017848227180161571 
63 64 18.769407217120317 s 0.012983613694647364 
63 71 17.205757232557733 s 0.013494403854673079 
63 72 13.250288926211613 s 0.014697900420035343 
63 79 6.3840244996061637 s 0.015589681621580103 
63 88 7.8000155537571896 s 0.015654968665582823 
64 65 16.147564998432074 s 0.021113054142373532 
64 71 11.380228159427157 s 0.01747114316993123 
64 80 18.627365206414115 s 0.017629504322017139 
65 66 19.780096204902968 s 0.021516283594990641 
65 71 7.9539464421727679 s 0.021958922215183425 
66 67 12.234724655914718 s 0.016056136173996982 
66 72 18.46004861158989 s 0.01687564537775172 
66 79 19.419983848414724 s 0.015851694138929878 
66 87 18.697193159059857 s 0.021990655018538662 
67 69 14.741748119197176 s 0.011434395438595778 
67 72 18.541937972660957 s 0.012367360832713134 
67 74 11.755472117635705 s 0.013197176309122536 
67 81 11.856065872059441 s 0.017609741459588317 
68 73 16.552518528108649 s 0.020684037349462902 
68 75 17.029493039160752 s 0.02456641735066634 
68 82 14.768472425835911 s 0.019295277352600775 
68 85 19.681294845174602 s 0.016846037772067668 
69 72 17.219207975253994 s 0.013931526029366275 
69 74 9.1456751166440196 s 0.015585594108945706 
69 77 12.941259136602932 s 0.012645345354458796 
69 81 5.3553631007214539 s 0.014957478001082283 
69 82 12.795461187417189 s 0.013966272399023131 
70 73 13.684158324524549 s 0.021732193569849387 
70 76 7.4078011949163303 s 0.014176203513372938 
70 77 10.869586644177243 s 0.015099073647560924 
70 78 17.994688950249177 s 0.011596089162787301 
70 82 17.807938742764506 s 0.024422727395891089 
70 89 19.285797965094201 s 0.015591559573007688 
71 79 15.271207448373419 s 0.015769480637309222 
72 77 18.623353660331244 s 0.012424432483655398 
72 79 10.388892399528094 s 0.017048811629875558 
72 81 12.572219777568819 s 0.019613492392381578 
72 88 6.6626149562298798 s 0.017238870292193943 
73 77 19.792043229214521 s 0.016078676315164873 
73 78 12.958359744619729 s 0.0199656874778384 
73 82 13.157931226580452 s 0.025552906681140918 
74 81 11.442962634092972 s 0.0155095589323666 
74 82 11.87036295487863 s 0.013052816525498421 
75 78 17.515811269699544 s 0.025321165497606477 
75 85 8.7094117097629109 s 0.024491272126218058 
76 77 13.340908132981385 s 0.012651585747769287 
76 89 18.038717636195177 s 0.012963891168023182 
77 81 14.785515450719448 s 0.014452746725669643 
77 82 15.496645672957342 s 0.020745368822565478 
77 88 19.867460897825953 s 0.012131643143909495 
78 89 11.888000427186016 s 0.012956056248479926 
79 88 7.8792239379979456 s 0.017055191771573538 
80 86 17.426549584665384 s 0.018080708118893792 
81 82 16.954391009423006 s 0.027461872575835732 
81 88 18.342717936911331 s 0.017387401451556483 
83 84 11.917233501565024 s 0.0178283083596446 
83 85 18.667987948559521 s 0.021309562150158005 
83 87 11.768096389718051 s 0.02103178968905731 
84 85 14.419254778395622 s 0.021812779185437271 
84 87 18.906327797016694 s 0.014879039677478816 
86 89 12.967764499652874 s 0.015586950403503422 
90 101 16.824276160055764 s 0.010691601672201621 
90 102 14.788917015760449 s 0.02483967127551482 
90 103 18.6275228324198 s 0.016296888523694594 
90 106 12.428984774281275 s 0.015835906568423531 
90 115 19.345893709395167 s 0.019358845584931537 
90 117 12.915120077143804 s 0.01645510408788085 
90 124 17.084998961039901 s 0.020793490164635664 
90 130 17.462770823821192 s 0.023211578717831208 
90 136 12.31185261386773 s 0.018024912494265834 
90 140 19.086661008528996 s 0.024479217503037682 
90 142 11.604801496884207 s 0.016091313916647594 
90 148 19.24984884325292 s 0.018479720576109849 
90 149 7.3224440960630668 s 0.018591128244372288 
90 158 14.834135146968483 s 0.018969302087156682 
90 165 11.984999627235931 s 0.036534059418470412 
90 173 14.844995144044256 s 0.022990801477193339 
90 174 15.749524982050159 s 0.020614861891579597 
90 175 7.0704106994500346 s 0.022201578656521715 
91 100 18.431257112730346 s 0.018196333916757422 
91 104 19.692922859785927 s 0.012553699983071015 
91 108 18.759992863202896 s 0.013804496545193371 
91 110 14.530054421561889 s 0.02212804079460463 
91 112 10.198067211621334 s 0.020593371325513896 
91 119 14.978281369655761 s 0.019564923660599219 
91 126 13.550719417975586 s 0.012541915519555084 
91 127 18.481853608280911 s 0.014552601833655199 
91 132 12.840761666931263 s 0.025292752989822049 
91 143 19.461732464253043 s 0.011375589201159293 
91 153 10.625562290647414 s 0.011641146569830873 
91 154 15.151837209338023 s 0.017161662828384897 
91 155 14.59580340761825 s 0.0218796940119881 
91 156 18.019274573764736 s 0.016305178440131522 
91 161 7.7317442754540977 s 0.018998759924887452 
91 162 16.43565870013116 s 0.01753031324786717 
91 169 7.5542866928199528 s 0.015127617304947343 
91 178 14.911370993027754 s 0.016799478553001644 
92 97 16.010025844602509 s 0.020787798700272832 
92 99 15.306119597417032 s 0.025629888415060604 
92 105 16.294530800838984 s 0.017267912905199353 
92 111 18.927514330367288 s 0.019605432167674772 
92 116 17.837623452936597 s 0.019153018401174064 
92 125 18.696033760197924 s 0.018365392296583946 
92 128 10.972637117885556 s 0.019957879178251491 
92 135 6.0517026112419741 s 0.020362569782420795 
92 144 18.870511416038173 s 0.017304933885966319 
92 145 16.236561739646071 s 0.02658692895048937 
92 151 10.976418485874694 s 0.015041098570865673 
92 152 14.489499667085646 s 0.022967283540403571 
92 160 14.06036994762918 s 0.019479556355276019 
92 166 12.14003949129612 s 0.013861801505753718 
92 168 13.175232885987205 s 0.017528736513889184 
92 176 14.067716787098634 s 0.020763948794871822 
92 179 5.9142970588907131 s 0.017622599478806341 
93 95 18.447987458328019 s 0.016402274012265138 
93 103 18.122244713789517 s 0.014962890997258791 
93 113 9.7659613362253292 s 0.016867353687437029 
93 118 13.692635125935885 s 0.015852400506397503 
93 121 14.201308067747581 s 0.014373124228600959 
93 129 12.431103086969694 s 0.01776105258615172 
93 132 18.323756081776121 s 0.028754897827443809 
93 134 11.626740206208819 s 0.013179555986056175 
93 146 18.607704822668808 s 0.021244262347392229 
93 156 18.174664418029735 s 0.017528750408520925 
93 157 6.6978152388431313 s 0.016974730299536646 
93 159 8.5354894209738923 s 0.01442108301625189 
93 162 18.227711931692134 s 0.014476906695425959 
93 164 6.3547363415176861 s 0.015535352302508793 
93 171 7.4183155907625951 s 0.019078179413078173 
93 172 16.279249726352305 s 0.018556190908346835 
94 101 19.020880686159256 s 0.01770782427665861 
94 105 13.983301838758798 s 0.014765297447346212 
94 107 14.975640363058035 s 0.036701029103653401 
94 109 18.969944513388509 s 0.019356683154334677 
94 122 13.806836494478061 s 0.019657511990251834 
94 124 18.903387834709154 s 0.023814401226384313 
94 128 13.658656304890998 s 0.022743236464077356 
94 137 15.431640379665257 s 0.01788307922271009 
94 139 8.0598326685782631 s 0.030773618392891142 
94 141 12.315290813329934 s 0.019450836485672612 
94 144 19.44865123726964 s 0.018446848003327361 
94 145 8.077064829915809 s 0.021634137908432487 
94 147 14.810995331815347 s 0.022897975669830466 
94 151 19.27104897031608 s 0.015447452099518756 
94 170 10.693066293530761 s 0.019731551356959125 
94 176 15.290341690595755 s 0.019933623448825669 
94 179 18.607033193507753 s 0.016461358069344251 
95 103 18.345072644051282 s 0.013363969930176777 
95 106 18.329476674598116 s 0.013069842789107619 
95 108 12.121406926895659 s 0.015440342536509184 
95 118 7.000772746598928 s 0.016253247327009102 
95 119 19.008310820824761 s 0.019360800425801711 
95 123 7.6052496977448802 s 0.017050459588854688 
95 130 14.299072692643538 s 0.019237204120217413 
95 132 17.798419771174782 s 0.025963548582601501 
95 134 18.905925617657481 s 0.010840255664729667 
95 146 7.3334764926686935 s 0.019024236639448737 
95 156 11.316093173257196 s 0.015772728243340198 
95 157 12.379010561414111 s 0.014840940133816198 
95 173 18.979074875505439 s 0.015513309515 
95 177 13.623123479150514 s 0.016029604665728156 
96 98 17.581518179099 s 0.020364055001473202 
96 107 16.707238859904294 s 0.025069350275740955 
96 120 7.963130609852036 s 0.019608894817044756 
96 133 8.3310529103803379 s 0.021480076059681708 
96 136 15.785023293646413 s 0.01893807948752841 
96 140 7.039893868624441 s 0.018650891227794775 
96 141 19.846768050249484 s 0.016278617105318083 
96 150 9.6110846227321485 s 0.021405677131848256 
96 173 13.997976552159722 s 0.022622005869492364 
96 174 8.1360991825587803 s 0.021101568504056544 
96 177 15.226233936035351 s 0.022131883616642006 
97 111 14.444775820010484 s 0.018169607456365255 
97 113 19.859032217379497 s 0.01706098246887993 
97 115 16.229932691129882 s 0.014503194298120621 
97 116 11.223593167469739 s 0.014191126238284495 
97 121 17.419425068774512 s 0.014641284129748413 
97 135 13.78698645605116 s 0.018871720539671743 
97 138 11.18380258451791 s 0.016669934435667791 
97 148 16.015231410728667 s 0.015503764982433988 
97 151 18.843353806664748 s 0.01279757076745364 
97 152 18.774388697231185 s 0.024423335186455914 
97 160 7.0475799820963978 s 0.018372768112553662 
97 163 6.6515419953243553 s 0.021282900173536977 
97 166 14.030543605134925 s 0.011782362198038897 
97 167 14.700984020669784 s 0.011687752274496702 
97 168 14.048919000201094 s 0.012806913889106283 
97 172 14.197114365167412 s 0.020617312469127583 
97 179 19.71004121429182 s 0.014614317419175423 
98 108 17.962284307726723 s 0.015369831602059663 
98 110 13.84851125233039 s 0.021923464259888524 
98 114 13.17991424421462 s 0.018582389213628144 
98 119 11.831640873866574 s 0.021706127146072649 
98 120 15.225985568918258 s 0.024592993126607825 
98 133 16.078390734768661 s 0.031141815621673251 
98 143 8.5652094810062476 s 0.014247629966043979 
98 147 19.522403831832275 s 0.019894716884034932 
98 150 8.4721236319899464 s 0.015955407105344058 
98 154 19.387894340095105 s 0.016509784283212987 
98 155 8.1751820518356393 s 0.021167158355618717 
98 161 15.103124582438163 s 0.01800167379758583 
98 177 17.345609599578399 s 0.017896473695709857 
99 100 12.479527645124763 s 0.020900605185115384 
99 104 15.321021633478381 s 0.024856892363193345 
99 109 17.877971309551167 s 0.01737248507554047 
99 111 15.828852130159149 s 0.020822924285239762 
99 125 6.9510346061017421 s 0.019031399571498988 
99 126 13.965347448237875 s 0.018709414460834611 
99 127 18.367588863003242 s 0.020993616823958127 
99 128 18.860642728790605 s 0.025589926871958945 
99 131 12.279698025217431 s 0.026931010485988185 
99 135 12.372709959469088 s 0.024234291835430757 
99 144 13.027218760120643 s 0.014827173807845016 
99 152 6.7211461104665986 s 0.021708557576965912 
99 153 17.989725301105715 s 0.020272117926904858 
99 160 18.242819495765659 s 0.023699606269036087 
99 166 12.070268941911603 s 0.014647640128324504 
99 176 14.728624051881749 s 0.022258437832926633 
99 179 19.436196128034432 s 0.019603787466593067 
100 104 19.584570794340287 s 0.013852705773432582 
100 109 10.979018647805662 s 0.017003309077004206 
100 110 19.471174023472365 s 0.019694188624695873 
100 122 17.244984414176805 s 0.014974391486255321 
100 125 7.1420828551023625 s 0.018207649767840048 
100 126 6.8711084586419116 s 0.019264066512775364 
100 127 7.2245197234064742 s 0.017191709835152742 
100 144 11.016516061598375 s 0.016286422245055578 
100 152 18.633459193925017 s 0.020114331575943684 
100 153 13.677667956197221 s 0.015161568667984474 
100 154 13.191118703548199 s 0.017712537317499878 
100 169 19.100551626647253 s 0.016135801550113463 
100 176 17.048077652235818 s 0.018056133568856048 
101 102 19.138448356409405 s 0.010400301863592368 
101 105 19.708626123413953 s 0.010629505459106185 
101 107 18.330556392316627 s 0.019362971684862833 
101 124 6.7892112032853138 s 0.015195609743119648 
101 133 19.499531480334849 s 0.01905135233994237 
101 136 8.0326841540948397 s 0.010528108532310933 
101 137 13.039558857692843 s 0.011569401288947154 
101 139 19.171293966246456 s 0.021489604358176824 
101 141 9.7311883450354788 s 0.010212173432651048 
101 142 7.9798390596750588 s 0.014757417408946589 
101 165 13.054273429600579 s 0.020982852143364882 
101 174 15.174925952222893 s 0.0086591864252580086 
101 175 10.200070817107751 s 0.012234753665152327 
102 105 18.863566881776357 s 0.01911898187030368 
102 115 10.969963184271721 s 0.016685454390794018 
102 116 11.261487823302136 s 0.01325720579689834 
102 117 18.29425628526074 s 0.021315499847100166 
102 124 13.97054923355771 s 0.020629976285403081 
102 137 14.655496725867909 s 0.019828300286616349 
102 138 16.978074162453861 s 0.023280340419818482 
102 142 12.655874765664946 s 0.016304812191717439 
102 148 6.2651377971718833 s 0.017537349063339893 
102 149 18.692590701774186 s 0.021174728772834259 
102 151 18.367152048457879 s 0.0203354255394224 
102 158 13.204932204470717 s 0.019073255759967583 
102 163 15.896880808003612 s 0.026927195334813223 
102 165 6.4287369844088733 s 0.024254101144941021 
102 168 13.892087079315791 s 0.018009363882164429 
102 175 14.171691024811073 s 0.022448057354564208 
103 106 13.142586999306884 s 0.014219107114098423 
103 113 17.869370161111046 s 0.01638688575110786 
103 115 19.19215618796208 s 0.014514141491584443 
103 117 7.1398413687371765 s 0.015878249450690433 
103 130 7.4608375338122759 s 0.018729588345524174 
103 134 7.4089461817351365 s 0.015980148029469506 
103 146 11.781020737617474 s 0.016400442025527193 
103 149 11.884958655261677 s 0.01560284228081924 
103 157 18.229439980439896 s 0.010306081909510979 
103 158 12.784691840833416 s 0.014131817652199169 
103 164 14.787630686984407 s 0.013252703779632238 
103 172 18.095037868238123 s 0.022348912610984702 
103 173 19.905302126159668 s 0.013452934448436361 
104 111 13.873354144363068 s 0.017305845668335377 
104 112 14.553526659129776 s 0.021197363703367986 
104 121 16.671266939532725 s 0.011724838914617199 
104 125 19.482646405943036 s 0.012388523636609573 
104 126 14.60146057981127 s 0.011185717513950765 
104 129 12.773404959850662 s 0.016516379805702034 
104 131 7.1670720397033385 s 0.018724418944060753 
104 152 13.512669738633489 s 0.019835468078727877 
104 153 11.557073068965458 s 0.011352410371453221 
104 159 19.850768716281703 s 0.011717341772037733 
104 162 10.102517961828243 s 0.015092857690341171 
104 166 17.923066380873998 s 0.011024176460191678 
104 167 13.893051511523716 s 0.009898129373335748 
104 169 13.917858268767842 s 0.013946419103359003 
104 171 17.373208503960981 s 0.013075775986252798 
104 178 7.0081619013325938 s 0.016100011585645575 
105 116 17.99936302455183 s 0.013487154740491685 
105 124 14.80794185777566 s 0.017940246844848892 
105 128 12.353166661889652 s 0.017238608137421053 
105 137 7.3940355645947369 s 0.016300999514961598 
105 141 19.884007929263369 s 0.012658945398169461 
105 145 7.68581673076398 s 0.016069221313994915 
105 151 7.0809636742153481 s 0.015492470026278772 
105 165 18.257936197357598 s 0.033241359654879329 
105 168 11.952885840025118 s 0.014912574978705562 
105 176 18.803164423484841 s 0.014036525808162302 
105 179 11.04441630021465 s 0.01417889619792582 
106 117 12.545427838881983 s 0.014479374574915858 
106 120 19.193376243425327 s 0.019115239815728709 
106 123 19.92068117818863 s 0.013730247850904521 
106 130 7.4214290568950547 s 0.018228285023949246 
106 134 19.711316103685739 s 0.0088301584809374577 
106 136 19.93143830006769 s 0.011939088018873606 
106 140 14.943709293124302 s 0.017525731969700808 
106 146 12.060096479294449 s 0.017473524690812182 
106 149 7.3253007467625695 s 0.015550107103401139 
106 158 18.993492549088835 s 0.012645572629450087 
106 173 7.6744418299253079 s 0.015984356551627561 
106 174 17.685759069475427 s 0.013739081920864779 
106 175 18.56236526468615 s 0.016112935267283555 
106 177 16.86641776202206 s 0.015394952811900658 
107 114 12.566109148535277 s 0.025175866815110116 
107 122 17.703595652528325 s 0.02544460752044236 
107 133 8.5925374968925077 s 0.026008949232337642 
107 136 19.371620873745474 s 0.018277237771747536 
107 139 7.9007470935151138 s 0.022086828478589081 
107 141 9.6129244119268709 s 0.021755500997127752 
107 143 19.479054292086055 s 0.023244217270895238 
107 147 6.5103584498262661 s 0.021416990273734143 
107 150 18.616611970471766 s 0.023024551698912574 
107 170 11.639835530681712 s 0.022934117235801351 
107 174 18.191347113885413 s 0.01868439216335659 
108 112 18.996144899161475 s 0.0158772955896135 
108 118 12.021029410889611 s 0.015269108041458687 
108 119 7.5396383377725593 s 0.016459592152997547 
108 120 19.616354033521223 s 0.018122663827255785 
108 123 7.8206275918160779 s 0.015462467427459789 
108 132 12.408232498149822 s 0.01764602527666877 
108 146 18.384404414945738 s 0.018273997175202478 
108 150 19.577067120049424 s 0.016302232948664837 
108 155 14.904724364554854 s 0.021120423427733775 
108 156 7.2716404602765756 s 0.017347457306744526 
108 157 18.36111345095167 s 0.011688780972613879 
108 161 18.084550759911657 s 0.016358689064446371 
108 177 13.602136500780386 s 0.014806957769560203 
109 110 19.226224046144626 s 0.016009893969373384 
109 114 18.513460121465062 s 0.015989976954530548 
109 122 6.9611751112995206 s 0.01538549821572149 
109 125 11.507760765647365 s 0.015282640325901889 
109 126 17.192349526077141 s 0.010750068835133055 
109 127 7.4539250938158874 s 0.016315669813261626 
109 128 18.17372969069319 s 0.016038167426235053 
109 144 6.5686706894850149 s 0.015516461887082679 
109 147 18.992690929225393 s 0.018718763784316025 
109 154 13.007264760392843 s 0.014778573667827942 
109 170 13.660683994839239 s 0.015627562980367146 
109 176 11.517265935864227 s 0.014833046324920602 
110 114 12.411977474982255 s 0.023040475958338393 
110 119 16.67932430490572 s 0.022614200658352592 
110 122 19.243509454192822 s 0.017831972371371064 
110 126 19.597986505224267 s 0.013398787351470867 
110 127 14.087488856031188 s 0.018463332050847048 
110 143 6.8459278927433216 s 0.018917621578795243 
110 154 6.7951045029166481 s 0.020542548503159161 
110 155 10.178846372142226 s 0.021110366752177728 
110 161 7.7932548787789422 s 0.020515174978666752 
111 121 12.977887889452647 s 0.018837276181219567 
111 131 7.2131830963214139 s 0.018951007422644991 
111 135 13.118808234724019 s 0.019591137833923272 
111 152 9.3115958831174819 s 0.018907020572545789 
111 159 19.198696479239619 s 0.016450498756248141 
111 160 8.1556431260628592 s 0.017801149789360739 
111 166 7.6574487321105051 s 0.018095666947876166 
111 167 6.3042467846804806 s 0.0186899733240471 
112 118 19.016008023985929 s 0.016833809804152774 
112 119 19.259594007506312 s 0.022865934095933411 
112 126 17.39506157958807 s 0.022470871033681464 
112 129 11.862106520864042 s 0.024140253513840967 
112 132 7.2789048663024412 s 0.022814829344775134 
112 153 11.541377528571967 s 0.015767064348846619 
112 156 14.392531908335247 s 0.022082123353856203 
112 157 19.136017260470648 s 0.013840527289892924 
112 161 17.253533740533207 s 0.022934132873490689 
112 162 7.0922871317378053 s 0.018502974145048673 
112 169 6.0627634435478042 s 0.016948083568657298 
112 171 17.425169610107286 s 0.02159847509591712 
112 178 9.1838748532810754 s 0.016693774747791327 
113 121 9.281269871551924 s 0.020426930811381378 
113 129 16.574982213270552 s 0.023421501610197695 
113 134 11.043888960373211 s 0.017311166693684606 
113 138 14.469021711978602 s 0.020581708768152764 
113 157 15.795728694982621 s 0.017613141901188515 
113 158 19.469393903281446 s 0.016894764033836135 
113 159 6.6554425920884297 s 0.015774739716920096 
113 164 5.9449254777747775 s 0.015874535756058891 
113 167 15.281615520679761 s 0.014717831680596693 
113 171 10.903586710713238 s 0.019189811466517735 
113 172 7.1758913031090437 s 0.021512464422903117 
114 122 14.064973782737329 s 0.017628765812549622 
114 127 18.21486164228337 s 0.017043306568372434 
114 133 14.829246341001797 s 0.026628858152701211 
114 139 15.489636606941469 s 0.026506021879746846 
114 143 7.9011544601446655 s 0.014986151042711969 
114 147 8.0734215754198342 s 0.019394877052659971 
114 150 17.107473038459204 s 0.022004843512026355 
114 154 13.823204484392008 s 0.018396266596590993 
114 155 16.710672507608262 s 0.026987308051991506 
114 161 18.463789196629151 s 0.021787575622059303 
114 170 11.995639424957936 s 0.018829124303581624 
115 116 11.630887823349012 s 0.015168018715645161 
115 117 14.38944652917745 s 0.016637032821772674 
115 134 19.594037566321237 s 0.01096389466840576 
115 138 7.5270597017449372 s 0.016349000036845359 
115 148 6.4959620908770868 s 0.017583986980732179 
115 149 19.039086413716792 s 0.015985478716039274 
115 158 7.1070579254141792 s 0.018467934069093896 
115 163 10.218330496804125 s 0.019032261393206802 
115 165 16.790006565665578 s 0.022651035134353799 
115 168 17.799285401477707 s 0.013358341803137514 
115 172 13.587515185809009 s 0.017641198238783625 
116 135 19.436628143577931 s 0.01644636736753962 
116 137 18.333251252810374 s 0.012624607633117596 
116 138 12.78797001973955 s 0.013859348493953011 
116 148 7.1410610526586034 s 0.016208582570882341 
116 151 13.336323213930172 s 0.01354168411792757 
116 158 17.790143452196055 s 0.011037533341987793 
116 160 17.278189788821191 s 0.013672483088343493 
116 163 7.3005655967969858 s 0.01833559854596958 
116 165 16.831531440076319 s 0.017653049447143514 
116 168 6.762038482886668 s 0.016428684131046773 
116 172 19.206991383500359 s 0.015645864265252721 
116 179 18.058802036508759 s 0.011936450369308111 
117 130 10.948056759190177 s 0.017433362425988204 
117 134 12.677419533089253 s 0.012823464007176291 
117 138 17.961227177970571 s 0.016213523350138696 
117 146 16.779065499985443 s 0.017367510003095228 
117 148 18.60445247313648 s 0.014670502238092888 
117 149 7.3836183643903253 s 0.017775823315136875 
117 158 7.3095602555970505 s 0.01722482153167296 
117 164 19.553175772750162 s 0.012863540290946447 
117 172 18.441686068264875 s 0.023004054199346556 
117 173 19.279584259910443 s 0.014791700598390141 
117 175 19.487985782848195 s 0.016113843331511387 
118 119 18.773779258562215 s 0.016681692215764508 
118 123 12.053381792681074 s 0.016172920256157252 
118 129 18.570892575202674 s 0.017997719380100727 
118 130 18.762382657211344 s 0.016558433606017994 
118 132 12.32455960709289 s 0.018297850119821966 
118 134 18.360341526822513 s 0.010131272667381192 
118 146 12.301201790768594 s 0.016045827932965821 
118 156 7.0425882792251873 s 0.017000401180765526 
118 157 7.0350074518907828 s 0.017399000018285551 
118 164 18.276038607721983 s 0.013808542226238065 
118 171 17.912021616778468 s 0.015608397552740575 
118 177 18.938816308938176 s 0.014694867678325356 
119 120 19.155692807074342 s 0.023384353946033512 
119 123 13.485887597235683 s 0.017495657366882484 
119 132 14.760079413424133 s 0.032290807619629075 
119 143 16.142174007777708 s 0.014114867574031546 
119 150 16.256052784603437 s 0.021544852399676396 
119 155 7.3684658687171734 s 0.02297985066529426 
119 156 12.959110981760968 s 0.019505229854881845 
119 161 11.712124396674458 s 0.023121841409735583 
119 177 15.868954756479974 s 0.021449415471547162 
120 123 15.446485173072139 s 0.019100257386948184 
120 133 14.384264702789931 s 0.030799545924767621 
120 140 6.6653352312716745 s 0.020813115775152866 
120 150 7.4560132483238108 s 0.019746831924460449 
120 173 11.903895988208856 s 0.021892897002681981 
120 174 13.667225726995376 s 0.021447879646840726 
120 177 7.7862539940342259 s 0.021660916475260885 
121 129 12.544601551760595 s 0.019971866019936946 
121 131 15.019295069344393 s 0.020949513317451027 
121 134 19.742538311841059 s 0.0093436208290890079 
121 138 17.833072662737194 s 0.014301454614959609 
121 157 19.7596367863936 s 0.010328340019456338 
121 159 6.3684639154349298 s 0.015484153128422362 
121 160 15.978196285917699 s 0.017049835203157782 
121 162 17.538510769730177 s 0.015021711543952453 
121 164 14.10067756995244 s 0.013877808165143122 
121 166 19.671017318280231 s 0.012882062603428513 
121 167 6.6824730024699681 s 0.015688863360547249 
121 171 9.4257341094781211 s 0.018593072319626862 
121 172 11.933864788713993 s 0.020823680698020763 
122 125 17.454375934749756 s 0.014934274908401698 
122 127 12.321213132695824 s 0.013302447014888389 
122 128 17.985587890284481 s 0.015344462636579445 
122 139 13.335460225370854 s 0.025883464689554672 
122 143 19.516791657155231 s 0.012153683816104566 
122 144 11.633480587733077 s 0.01336185845755687 
122 145 18.205069855892848 s 0.016451662263519594 
122 147 12.500467042919137 s 0.018248404619272782 
122 154 14.70551730340955 s 0.014122168112029106 
122 170 6.7160849984582285 s 0.01691008641101871 
122 176 13.240159807047707 s 0.01468471271889484 
123 130 18.618073809845445 s 0.016771764644166621 
123 132 18.325090950092633 s 0.022761924223995547 
123 140 18.92995576915899 s 0.018639355749892828 
123 146 12.619214585557335 s 0.019012034878526575 
123 150 18.346577522279869 s 0.015723255493383881 
123 156 11.854564285276044 s 0.016451685357006685 
123 157 18.479994046046787 s 0.012578547009268352 
123 173 17.468790063362249 s 0.017719960140243528 
123 177 7.8825782322629374 s 0.016708510176382054 
124 136 13.107912169608072 s 0.016459879044780124 
124 137 7.4700037760814126 s 0.019534496810197748 
124 141 13.889020066325704 s 0.019540331361169647 
124 142 6.2949797034141159 s 0.016276927403126817 
124 145 18.870273524581926 s 0.023230248033629306 
124 148 19.807169107850704 s 0.016028901608163136 
124 151 19.525737425665017 s 0.013386450225498357 
124 165 8.4976134193985828 s 0.023327680841455565 
124 168 19.741299094013819 s 0.012546064432581081 
124 175 10.884283990128059 s 0.019916620905432707 
125 126 11.795065678671982 s 0.015100189472854783 
125 127 12.2551822458259 s 0.015182140406197505 
125 128 18.068138847646409 s 0.017298766338203042 
125 131 18.375355579375263 s 0.019499665751292441 
125 135 17.694732033175534 s 0.020019029056173206 
125 144 7.3623229585612409 s 0.016292530616879793 
125 152 13.662546717463638 s 0.020651607881193811 
125 153 17.819510110075665 s 0.012483416779392421 
125 154 18.759389997000778 s 0.017291764298179645 
125 166 18.733136271328089 s 0.013608187224769997 
125 176 11.860420979949346 s 0.017066435429638951 
126 127 11.878115311724091 s 0.013715763674804751 
126 131 18.100338141984238 s 0.016139683674679106 
126 144 17.269879937369389 s 0.010499658305802136 
126 152 18.385047776195858 s 0.013670031065060444 
126 153 6.8229284209944305 s 0.014343919097913856 
126 154 14.871842399262778 s 0.012809631024563308 
126 161 17.662585527114377 s 0.01530257549153599 
126 162 19.050599863167161 s 0.014346147030173503 
126 169 12.551885483888615 s 0.014312741060117843 
126 178 13.674908850242394 s 0.014582071547575258 
127 143 18.612085766490136 s 0.012193201715195232 
127 144 11.748678861779405 s 0.014183484803069371 
127 153 17.835197464878366 s 0.012222444474663204 
127 154 7.3035004250081466 s 0.017311882461779622 
127 161 17.323891885593476 s 0.018212455756867373 
127 170 18.238199291689686 s 0.014892250619672144 
127 176 17.651961648887706 s 0.015683778994131585 
128 135 16.117474244560352 s 0.020247426034666584 
128 137 18.751581300192651 s 0.018466269664235452 
128 144 13.923406670826727 s 0.017405215943746548 
128 145 7.5523907419324505 s 0.019720838467330123 
128 151 12.313259111504767 s 0.016096377787056332 
128 168 17.928196286117302 s 0.01407266604597221 
128 176 7.1753182468213632 s 0.020403285381814334 
128 179 7.188621708381933 s 0.017976946673443468 
129 131 16.85627848356128 s 0.02589997693978064 
129 132 13.69414112339433 s 0.031847003444677439 
129 153 18.902557962578946 s 0.016202631462170897 
129 156 18.337280419845985 s 0.021213272838917326 
129 157 14.319455142276022 s 0.017004115681292172 
129 159 11.025694608978835 s 0.014594646551577807 
129 162 6.347598025521779 s 0.020429418035834354 
129 164 17.327267644335215 s 0.015068798945396653 
129 167 15.561191746845864 s 0.017647072392028691 
129 169 16.301978744838273 s 0.017359172770613222 
129 171 6.2312610467336729 s 0.019313520849337594 
129 178 12.335291888880432 s 0.01792973712286897 
130 134 13.449693814688754 s 0.015928355535530875 
130 146 6.9802976319446914 s 0.021400975477451348 
130 149 10.589028830986399 s 0.018378362123255925 
130 157 19.237255452127584 s 0.014098364454154974 
130 158 17.87234880862232 s 0.019592021754272208 
130 173 13.659754786225616 s 0.020771498577930241 
130 177 18.662941197007235 s 0.018491905902099374 
131 135 15.754468586980325 s 0.023351662190805485 
131 152 7.7355508205448533 s 0.023671416447902112 
131 153 17.363504349292253 s 0.013427284655988584 
131 160 14.239229652774418 s 0.020449572459240607 
131 162 16.333140731465068 s 0.01969591717157999 
131 166 11.007762763430316 s 0.01668739764648073 
131 167 9.7478194931500664 s 0.015785902910427092 
131 171 19.487447745342202 s 0.022097492311173843 
131 178 14.166271001932168 s 0.017672621712227728 
132 153 18.037686786310498 s 0.020599507464383045 
132 155 19.818464476017059 s 0.033265046376489353 
132 156 7.114546702691948 s 0.019721305199796032 
132 157 14.304630779750751 s 0.018879728560530988 
132 161 17.472118541629953 s 0.03129912839417448 
132 162 12.04907053481668 s 0.020517629475727786 
132 169 12.548565468856227 s 0.017048845626676804 
132 171 17.316882429830443 s 0.029878546098207708 
132 178 16.111467482708026 s 0.020791370455039686 
133 136 16.850451518588137 s 0.027022694046900067 
133 139 16.305124366614027 s 0.034693143728753845 
133 140 14.667840253592054 s 0.027731280895346714 
133 141 14.253690748576783 s 0.018996652783809825 
133 143 18.873095301763424 s 0.022132715965206873 
133 147 13.176820413855021 s 0.023983077348831899 
133 150 11.342944056250664 s 0.02415109121613215 
133 170 19.157148571860205 s 0.02392001742083729 
133 174 12.263736185682562 s 0.022902052964806144 
134 138 17.888539068056883 s 0.010428870103109979 
134 146 14.507552966806429 s 0.014916572815869819 
134 149 18.429215659745889 s 0.012351662784161289 
134 157 13.811799867613281 s 0.0089122523340995404 
134 158 15.13858609785497 s 0.01055564065037117 
134 159 15.939783884297274 s 0.01137433742841993 
134 164 7.4079059568400831 s 0.014618287572264094 
134 171 17.687004498890598 s 0.013840452929506631 
134 172 13.28546120603378 s 0.015191650402316225 
135 151 16.280451099401166 s 0.013838104798948588 
135 152 9.3543784377949102 s 0.020512719671154259 
135 160 9.4758330674150688 s 0.018836500122749407 
135 163 19.338863144069162 s 0.022509603860002628 
135 166 6.0883511499388101 s 0.014408084347044077 
135 167 17.845350513633136 s 0.011938114161664754 
135 168 16.621028389826925 s 0.014114039409428208 
135 176 17.151673658912632 s 0.01878522955357911 
135 179 11.954259968294764 s 0.018583909176595598 
136 137 19.682315423402446 s 0.01400444525387242 
136 140 15.920831957336842 s 0.019692251530229528 
136 141 13.977383422944687 s 0.011422228857846162 
136 142 10.071411211864783 s 0.014813757839519999 
136 149 18.463146650607204 s 0.0140216878103996 
136 165 15.166217008870092 s 0.033876478882324264 
136 173 16.905945830391953 s 0.014808779607572377 
136 174 8.1215708126778559 s 0.016027093740428232 
136 175 7.7371339882959429 s 0.017711995757623788 
137 141 16.015441941824815 s 0.014143093132300865 
137 142 13.124024317700222 s 0.013902238152048531 
137 145 12.698904250421862 s 0.019804549433650481 
137 148 18.912209866900422 s 0.015319765184269566 
137 151 12.563791042198378 s 0.013767028663711284 
137 165 12.053269797509264 s 0.034396636796311622 
137 168 14.335106949613396 s 0.014458661710008269 
137 175 17.407236391415044 s 0.022618540541703473 
137 179 17.655295609807801 s 0.013658575017131077 
138 148 11.746391515293409 s 0.01585686464553324 
138 158 11.864402086384644 s 0.016524449441163203 
138 159 19.919606143396972 s 0.012921765394624007 
138 160 17.178294549531877 s 0.015833133987545298 
138 163 7.0734666147942322 s 0.021161710353010565 
138 164 18.610621021297234 s 0.012566083700749681 
138 167 19.305653767756038 s 0.011224402436263273 
138 168 18.750802767921279 s 0.013771086198512431 
138 172 7.3143407253466863 s 0.021602477040419343 
139 141 9.7789134424774176 s 0.025917900482716114 
139 145 16.114063740054725 s 0.030400849762511697 
139 147 7.7924746559130682 s 0.020452125815521818 
139 170 7.0623809198896579 s 0.023937851274069385 
140 149 19.563858429436173 s 0.018940113411857844 
140 150 12.818160442590754 s 0.021239813429364898 
140 173 7.3117323950575699 s 0.020021781683505959 
140 174 8.3316197896471991 s 0.018620758029738848 
140 177 11.338956673400849 s 0.01997867184303926 
141 142 17.134104731073016 s 0.013931254399853604 
141 145 18.167580277560798 s 0.016892827305529115 
141 147 14.712260649380454 s 0.01753768413434513 
141 170 16.352092315128228 s 0.011886622726359783 
141 174 17.03060903064236 s 0.014248849972305523 
141 175 18.630394887827023 s 0.022012859738230316 
142 148 18.910518115298398 s 0.014843812239845247 
142 149 18.793504683154445 s 0.014383442385049116 
142 165 6.2460080887411351 s 0.016588763418658743 
142 174 17.836025247883995 s 0.015354679784956924 
142 175 5.1493995802778283 s 0.017465461864911127 
143 147 15.913542050418336 s 0.017500304035289651 
143 150 15.869054920943123 s 0.014391919132842568 
143 154 11.936145235852099 s 0.014494009230494747 
143 155 9.5393225284733383 s 0.016623697662287402 
143 161 12.188839908166699 s 0.014868280086566659 
143 170 19.28287988053286 s 0.016321474530694085 
144 145 18.841906048143407 s 0.018924719150023254 
144 152 19.260392046140176 s 0.014073286869698052 
144 154 18.27693598276409 s 0.013009474734808879 
144 170 17.704596732177048 s 0.014873485240566951 
144 176 6.7545106413610805 s 0.016360978557485386 
144 179 19.16033165195212 s 0.012591939411987121 
145 151 11.939778300152945 s 0.016211173078108466 
145 168 17.562086863653217 s 0.019302031143685554 
145 170 17.556087176441007 s 0.018747196474330614 
145 176 12.680369286544154 s 0.022062110494695114 
145 179 11.150392966626864 s 0.016224948140499421 
146 149 16.589480393683559 s 0.021280583281678995 
146 156 17.561092871998731 s 0.024358060673837108 
146 157 14.442716391499898 s 0.014760433978697203 
146 164 19.27360776489704 s 0.016446452575040373 
146 173 15.129571780630224 s 0.024563547312731304 
146 177 15.050126758932583 s 0.024333584903958583 
147 154 19.635429711591883 s 0.01951737203532088 
147 170 6.8971258900880814 s 0.018341549663066097 
148 151 18.515853286287779 s 0.013228129584674019 
148 158 11.864149877291331 s 0.016434857894293046 
148 163 10.209719821177096 s 0.01827608341306081 
148 165 12.688824735704067 s 0.021437334430028831 
148 168 12.508383918162433 s 0.015272267316767223 
148 172 18.39560984297276 s 0.021478406036492433 
149 158 12.618620457509401 s 0.01777477785993729 
149 165 17.974185857664317 s 0.035235115625922353 
149 173 13.180368935120553 s 0.017686942240351056 
149 174 19.332137717696384 s 0.015186637911265162 
149 175 14.366671264983404 s 0.021460217844228871 
150 155 15.782105999846047 s 0.026478037724499508 
150 173 18.437107411708187 s 0.016483947432837553 
150 174 16.974097241486433 s 0.014655991134054757 
150 177 12.506647014656462 s 0.018652605731157866 
151 163 19.161481172956741 s 0.019041628549325455 
151 168 6.5837549782895968 s 0.015034004985384111 
151 176 18.748924720509841 s 0.012099206435424028 
151 179 6.9720058437589101 s 0.015504537911206122 
152 160 12.467192347086401 s 0.020200284487769619 
152 166 6.1980927677274744 s 0.016826178609942795 
152 167 14.402608370968867 s 0.014785355646690101 
152 176 19.444453673455214 s 0.019717081897730509 
152 178 19.890820768364431 s 0.018982698556738297 
152 179 19.898777972209125 s 0.017848227180161571 
153 154 18.769407217120317 s 0.012983613694647364 
153 161 17.205757232557733 s 0.013494403854673079 
153 162 13.250288926211613 s 0.014697900420035343 
153 169 6.3840244996061637 s 0.015589681621580103 
153 178 7.8000155537571896 s 0.015654968665582823 
154 155 16.147564998432074 s 0.021113054142373532 
154 161 11.380228159427157 s 0.01747114316993123 
154 170 18.627365206414115 s 0.017629504322017139 
155 156 19.780096204902968 s 0.021516283594990641 
155 161 7.9539464421727679 s 0.021958922215183425 
156 157 12.234724655914718 s 0.016056136173996982 
156 162 18.46004861158989 s 0.01687564537775172 
156 169 19.419983848414724 s 0.015851694138929878 
156 177 18.697193159059857 s 0.021990655018538662 
157 159 14.741748119197176 s 0.011434395438595778 
157 162 18.541937972660957 s 0.012367360832713134 
157 164 11.755472117635705 s 0.013197176309122536 
157 171 11.856065872059441 s 0.017609741459588317 
158 163 16.552518528108649 s 0.020684037349462902 
158 165 17.029493039160752 s 0.02456641735066634 
158 172 14.768472425835911 s 0.019295277352600775 
158 175 19.681294845174602 s 0.016846037772067668 
159 162 17.219207975253994 s 0.013931526029366275 
159 164 9.1456751166440196 s 0.015585594108945706 
159 167 12.941259136602932 s 0.012645345354458796 
159 171 5.3553631007214539 s 0.014957478001082283 
159 172 12.795461187417189 s 0.013966272399023131 
160 163 13.684158324524549 s 0.021732193569849387 
160 166 7.4078011949163303 s 0.014176203513372938 
160 167 10.869586644177243 s 0.015099073647560924 
160 168 17.994688950249177 s 0.011596089162787301 
160 172 17.807938742764506 s 0.024422727395891089 
160 179 19.285797965094201 s 0.015591559573007688 
161 169 15.271207448373419 s 0.015769480637309222 
162 167 18.623353660331244 s 0.012424432483655398 
162 169 10.388892399528094 s 0.017048811629875558 
162 171 12.572219777568819 s 0.019613492392381578 
162 178 6.6626149562298798 s 0.017238870292193943 
163 167 19.792043229214521 s 0.016078676315164873 
163 168 12.958359744619729 s 0.0199656874778384 
163 172 13.157931226580452 s 0.025552906681140918 
164 171 11.442962634092972 s 0.0155095589323666 
164 172 11.87036295487863 s 0.013052816525498421 
165 168 17.515811269699544 s 0.025321165497606477 
165 175 8.7094117097629109 s 0.024491272126218058 
166 167 13.340908132981385 s 0.012651585747769287 
166 179 18.038717636195177 s 0.012963891168023182 
167 171 14.785515450719448 s 0.014452746725669643 
167 172 15.496645672957342 s 0.020745368822565478 
167 178 19.867460897825953 s 0.012131643143909495 
168 179 11.888000427186016 s 0.012956056248479926 
169 178 7.8792239379979456 s 0.017055191771573538 
170 176 17.426549584665384 s 0.018080708118893792 
171 172 16.954391009423006 s 0.027461872575835732 
171 178 18.342717936911331 s 0.017387401451556483 
173 174 11.917233501565024 s 0.0178283083596446 
173 175 18.667987948559521 s 0.021309562150158005 
173 177 11.768096389718051 s 0.02103178968905731 
174 175 14.419254778395622 s 0.021812779185437271 
174 177 18.906327797016694 s 0.014879039677478816 
176 179 12.967764499652874 s 0.015586950403503422 
