        0.0000   1.010872   0.376255   1.387127 
      100.0000  -0.090997   0.374350   0.283353 
      200.0000  -0.152666   0.370680   0.218014 
      300.0000  -0.194449   0.373782   0.179332 
      400.0000  -0.222370   0.373273   0.150903 
      500.0000  -0.241181   0.366730   0.125549 
      600.0000  -0.270144   0.379153   0.109009 
      700.0000  -0.293319   0.380461   0.087142 
      800.0000  -0.308151   0.376752   0.068601 
      900.0000  -0.330812   0.371929   0.041117 
     1000.0000  -0.343793   0.379889   0.036096 
     1100.0000  -0.349235   0.375536   0.026301 
     1200.0000  -0.343631   0.375048   0.031417 
     1300.0000  -0.352945   0.371824   0.018879 
     1400.0000  -0.353764   0.375673   0.021909 
     1500.0000  -0.345624   0.380829   0.035204 
     1600.0000  -0.361901   0.370014   0.008113 
     1700.0000  -0.365619   0.375546   0.009928 
     1800.0000  -0.375856   0.364493  -0.011363 
     1900.0000  -0.366366   0.376853   0.010486 
     2000.0000  -0.374163   0.375275   0.001111 
     2100.0000  -0.377958   0.370964  -0.006994 
     2200.0000  -0.391049   0.380055  -0.010994 
     2300.0000  -0.373725   0.368457  -0.005267 
     2400.0000  -0.373780   0.381186   0.007406 
     2500.0000  -0.373158   0.372088  -0.001071 
     2600.0000  -0.369729   0.377887   0.008158 
     2700.0000  -0.376939   0.366949  -0.009991 
     2800.0000  -0.392792   0.376809  -0.015983 
     2900.0000  -0.385632   0.379252  -0.006381 
     3000.0000  -0.386452   0.373505  -0.012947 
     3100.0000  -0.393970   0.375222  -0.018747 
     3200.0000  -0.390655   0.372975  -0.017680 
     3300.0000  -0.394755   0.375966  -0.018788 
     3400.0000  -0.396148   0.376633  -0.019515 
     3500.0000  -0.398644   0.370605  -0.028039 
     3600.0000  -0.394141   0.372173  -0.021968 
     3700.0000  -0.392659   0.378423  -0.014236 
     3800.0000  -0.389676   0.372577  -0.017099 
     3900.0000  -0.381999   0.374373  -0.007626 
     4000.0000  -0.379277   0.370286  -0.008991 
     4100.0000  -0.389952   0.376459  -0.013493 
     4200.0000  -0.382211   0.368128  -0.014083 
     4300.0000  -0.393603   0.372492  -0.021111 
     4400.0000  -0.395312   0.375614  -0.019698 
     4500.0000  -0.382927   0.368260  -0.014667 
     4600.0000  -0.384120   0.384224   0.000105 
     4700.0000  -0.389613   0.380897  -0.008717 
     4800.0000  -0.388380   0.379038  -0.009342 
     4900.0000  -0.381120   0.378943  -0.002177 
     5000.0000  -0.380400   0.379751  -0.000649 
     5100.0000  -0.383117   0.372296  -0.010821 
     5200.0000  -0.383341   0.374061  -0.009281 
     5300.0000  -0.399639   0.380169  -0.019470 
     5400.0000  -0.404427   0.377944  -0.026483 
     5500.0000  -0.398743   0.372554  -0.026189 
     5600.0000  -0.380625   0.374267  -0.006359 
     5700.0000  -0.376076   0.370690  -0.005386 
     5800.0000  -0.381134   0.384361   0.003228 
     5900.0000  -0.395693   0.371397  -0.024297 
     6000.0000  -0.391527   0.382921  -0.008606 
     6100.0000  -0.407269   0.375457  -0.031812 
     6200.0000  -0.416121   0.372739  -0.043382 
     6300.0000  -0.418848   0.381737  -0.037112 
     6400.0000  -0.421409   0.378102  -0.043307 
     6500.0000  -0.417314   0.378321  -0.038993 
     6600.0000  -0.406771   0.372564  -0.034208 
     6700.0000  -0.407683   0.373823  -0.033859 
     6800.0000  -0.412263   0.375810  -0.036454 
     6900.0000  -0.403545   0.382635  -0.020910 
     7000.0000  -0.401407   0.379223  -0.022184 
     7100.0000  -0.393923   0.373182  -0.020740 
     7200.0000  -0.377513   0.371447  -0.006067 
     7300.0000  -0.383549   0.383660   0.000111 
     7400.0000  -0.377007   0.371609  -0.005397 
     7500.0000  -0.382373   0.371803  -0.010570 
     7600.0000  -0.384251   0.382253  -0.001998 
     7700.0000  -0.393051   0.371650  -0.021400 
     7800.0000  -0.403974   0.376115  -0.027858 
     7900.0000  -0.402741   0.375718  -0.027023 
     8000.0000  -0.401959   0.375665  -0.026295 
     8100.0000  -0.419896   0.372474  -0.047422 
     8200.0000  -0.415412   0.372374  -0.043038 
     8300.0000  -0.409545   0.370997  -0.038548 
     8400.0000  -0.417387   0.373181  -0.044207 
     8500.0000  -0.410798   0.374268  -0.036531 
     8600.0000  -0.420267   0.379596  -0.040671 
     8700.0000  -0.423337   0.365171  -0.058166 
     8800.0000  -0.426448   0.380320  -0.046128 
     8900.0000  -0.432076   0.378674  -0.053402 
     9000.0000  -0.423836   0.378633  -0.045203 
     9100.0000  -0.430389   0.388585  -0.041804 
     9200.0000  -0.428029   0.374272  -0.053757 
     9300.0000  -0.422921   0.370323  -0.052598 
     9400.0000  -0.428787   0.366829  -0.061957 
     9500.0000  -0.441359   0.375552  -0.065807 
     9600.0000  -0.447183   0.379396  -0.067787 
     9700.0000  -0.444706   0.380495  -0.064210 
     9800.0000  -0.439198   0.372415  -0.066782 
     9900.0000  -0.445520   0.374515  -0.071005 
    10000.0000  -0.445801   0.373955  -0.071846 
    10100.0000  -0.440645   0.372520  -0.068125 
    10200.0000  -0.456863   0.382965  -0.073898 
    10300.0000  -0.469222   0.380067  -0.089155 
    10400.0000  -0.474437   0.373237  -0.101200 
    10500.0000  -0.461795   0.371961  -0.089833 
    10600.0000  -0.462895   0.381171  -0.081724 
    10700.0000  -0.450699   0.378302  -0.072397 
    10800.0000  -0.449751   0.376460  -0.073291 
    10900.0000  -0.436689   0.375807  -0.060882 
    11000.0000  -0.416811   0.373748  -0.043064 
    11100.0000  -0.429758   0.376846  -0.052912 
    11200.0000  -0.437822   0.373476  -0.064346 
    11300.0000  -0.424972   0.372353  -0.052618 
    11400.0000  -0.419357   0.380671  -0.038687 
    11500.0000  -0.418362   0.374011  -0.044350 
    11600.0000  -0.419194   0.376847  -0.042347 
    11700.0000  -0.436745   0.376776  -0.059969 
    11800.0000  -0.442905   0.380177  -0.062728 
    11900.0000  -0.439582   0.369789  -0.069793 
    12000.0000  -0.446380   0.381830  -0.064550 
    12100.0000  -0.449521   0.378247  -0.071274 
    12200.0000  -0.438825   0.374900  -0.063925 
    12300.0000  -0.435264   0.375214  -0.060050 
    12400.0000  -0.442899   0.374069  -0.068831 
    12500.0000  -0.450472   0.371724  -0.078748 
    12600.0000  -0.444899   0.364793  -0.080106 
    12700.0000  -0.440594   0.382991  -0.057603 
    12800.0000  -0.447878   0.373658  -0.074219 
    12900.0000  -0.447250   0.369487  -0.077763 
    13000.0000  -0.444577   0.361866  -0.082711 
    13100.0000  -0.457124   0.375620  -0.081504 
    13200.0000  -0.464457   0.381125  -0.083332 
    13300.0000  -0.482825   0.381419  -0.101405 
    13400.0000  -0.482741   0.366115  -0.116627 
    13500.0000  -0.469988   0.377233  -0.092755 
    13600.0000  -0.461653   0.369202  -0.092451 
    13700.0000  -0.448457   0.377252  -0.071205 
    13800.0000  -0.450113   0.373546  -0.076567 
    13900.0000  -0.452404   0.380222  -0.072182 
    14000.0000  -0.471916   0.380010  -0.091906 
    14100.0000  -0.475495   0.376101  -0.099394 
    14200.0000  -0.472963   0.382743  -0.090220 
    14300.0000  -0.478408   0.368760  -0.109649 
    14400.0000  -0.481965   0.378489  -0.103477 
    14500.0000  -0.479425   0.370968  -0.108457 
    14600.0000  -0.470145   0.370126  -0.100020 
    14700.0000  -0.477276   0.366081  -0.111195 
    14800.0000  -0.469900   0.377735  -0.092165 
    14900.0000  -0.463409   0.372862  -0.090547 
    15000.0000  -0.479872   0.370718  -0.109154 
    15100.0000  -0.477919   0.382505  -0.095414 
    15200.0000  -0.462203   0.367772  -0.094431 
    15300.0000  -0.453451   0.379693  -0.073758 
    15400.0000  -0.455245   0.372673  -0.082572 
    15500.0000  -0.467454   0.375757  -0.091697 
    15600.0000  -0.463869   0.366746  -0.097124 
    15700.0000  -0.463945   0.381650  -0.082295 
    15800.0000  -0.468012   0.378363  -0.089649 
    15900.0000  -0.487561   0.369824  -0.117737 
    16000.0000  -0.480288   0.376550  -0.103739 
    16100.0000  -0.475559   0.368445  -0.107114 
    16200.0000  -0.484373   0.378322  -0.106051 
    16300.0000  -0.488298   0.374892  -0.113406 
    16400.0000  -0.487447   0.375909  -0.111538 
    16500.0000  -0.476581   0.372236  -0.104345 
    16600.0000  -0.485377   0.375224  -0.110153 
    16700.0000  -0.487387   0.373256  -0.114131 
    16800.0000  -0.477128   0.384050  -0.093078 
    16900.0000  -0.482796   0.369325  -0.113471 
    17000.0000  -0.480650   0.380197  -0.100453 
    17100.0000  -0.478820   0.382723  -0.096098 
    17200.0000  -0.479190   0.373822  -0.105369 
    17300.0000  -0.464526   0.378370  -0.086156 
    17400.0000  -0.483451   0.381684  -0.101766 
    17500.0000  -0.494986   0.371625  -0.123361 
    17600.0000  -0.500007   0.372584  -0.127424 
    17700.0000  -0.490337   0.365889  -0.124448 
    17800.0000  -0.489760   0.381047  -0.108714 
    17900.0000  -0.497668   0.379734  -0.117935 
    18000.0000  -0.507725   0.378255  -0.129470 
    18100.0000  -0.507873   0.370410  -0.137464 
    18200.0000  -0.512544   0.374200  -0.138344 
    18300.0000  -0.504714   0.376028  -0.128686 
    18400.0000  -0.504393   0.366617  -0.137776 
    18500.0000  -0.506065   0.375419  -0.130646 
    18600.0000  -0.512529   0.374467  -0.138062 
    18700.0000  -0.520578   0.376046  -0.144532 
    18800.0000  -0.528423   0.370799  -0.157624 
    18900.0000  -0.515631   0.367254  -0.148377 
    19000.0000  -0.517513   0.377066  -0.140447 
    19100.0000  -0.521175   0.372165  -0.149009 
    19200.0000  -0.523321   0.370453  -0.152868 
    19300.0000  -0.520163   0.372344  -0.147819 
    19400.0000  -0.534659   0.375737  -0.158923 
    19500.0000  -0.522355   0.372291  -0.150065 
    19600.0000  -0.515695   0.376688  -0.139007 
    19700.0000  -0.524456   0.375661  -0.148795 
    19800.0000  -0.530623   0.374248  -0.156375 
    19900.0000  -0.523568   0.371865  -0.151704 
    20000.0000  -0.520765   0.378768  -0.141998 
    20100.0000  -0.521218   0.377456  -0.143763 
    20200.0000  -0.522151   0.379012  -0.143138 
    20300.0000  -0.518026   0.374044  -0.143983 
    20400.0000  -0.520042   0.366772  -0.153269 
    20500.0000  -0.516938   0.375669  -0.141270 
    20600.0000  -0.515161   0.373182  -0.141979 
    20700.0000  -0.531301   0.381253  -0.150047 
    20800.0000  -0.519368   0.377099  -0.142270 
    20900.0000  -0.532443   0.374802  -0.157641 
    21000.0000  -0.535417   0.372528  -0.162890 
    21100.0000  -0.538175   0.374914  -0.163261 
    21200.0000  -0.523460   0.377071  -0.146389 
    21300.0000  -0.529440   0.374689  -0.154751 
    21400.0000  -0.529864   0.373635  -0.156229 
    21500.0000  -0.525974   0.375025  -0.150948 
    21600.0000  -0.536048   0.381957  -0.154092 
    21700.0000  -0.548362   0.372195  -0.176167 
    21800.0000  -0.531850   0.376310  -0.155540 
    21900.0000  -0.515875   0.368284  -0.147590 
    22000.0000  -0.506957   0.381425  -0.125532 
    22100.0000  -0.509470   0.379716  -0.129754 
    22200.0000  -0.505114   0.377243  -0.127871 
    22300.0000  -0.508552   0.377614  -0.130938 
    22400.0000  -0.519971   0.375513  -0.144458 
    22500.0000  -0.514969   0.380814  -0.134156 
    22600.0000  -0.519031   0.375850  -0.143180 
    22700.0000  -0.517892   0.388049  -0.129843 
    22800.0000  -0.519807   0.380634  -0.139173 
    22900.0000  -0.510891   0.375224  -0.135666 
    23000.0000  -0.522865   0.369066  -0.153799 
    23100.0000  -0.525265   0.378018  -0.147246 
    23200.0000  -0.520319   0.371488  -0.148832 
    23300.0000  -0.518726   0.376783  -0.141943 
    23400.0000  -0.514206   0.380511  -0.133695 
    23500.0000  -0.509876   0.379793  -0.130083 
    23600.0000  -0.508978   0.370719  -0.138259 
    23700.0000  -0.505497   0.379049  -0.126448 
    23800.0000  -0.500659   0.380183  -0.120476 
    23900.0000  -0.507285   0.378821  -0.128465 
    24000.0000  -0.504393   0.372730  -0.131663 
    24100.0000  -0.507278   0.374334  -0.132944 
    24200.0000  -0.515320   0.380590  -0.134730 
    24300.0000  -0.512013   0.370177  -0.141837 
    24400.0000  -0.521497   0.369280  -0.152217 
    24500.0000  -0.519522   0.375545  -0.143977 
    24600.0000  -0.516364   0.372653  -0.143712 
    24700.0000  -0.505178   0.384948  -0.120230 
    24800.0000  -0.509015   0.379821  -0.129194 
    24900.0000  -0.501646   0.372794  -0.128852 
    25000.0000  -0.514842   0.375694  -0.139148 
    25100.0000  -0.514514   0.371047  -0.143467 
    25200.0000  -0.512695   0.380280  -0.132415 
    25300.0000  -0.520938   0.377702  -0.143236 
    25400.0000  -0.504215   0.376954  -0.127261 
    25500.0000  -0.501490   0.375409  -0.126080 
    25600.0000  -0.512304   0.373513  -0.138790 
    25700.0000  -0.520262   0.374143  -0.146119 
    25800.0000  -0.524433   0.379318  -0.145115 
    25900.0000  -0.535826   0.384694  -0.151132 
    26000.0000  -0.548253   0.367724  -0.180529 
    26100.0000  -0.541618   0.378951  -0.162667 
    26200.0000  -0.549528   0.372366  -0.177162 
    26300.0000  -0.553063   0.382559  -0.170504 
    26400.0000  -0.553038   0.379900  -0.173138 
    26500.0000  -0.547882   0.376259  -0.171623 
    26600.0000  -0.547436   0.366419  -0.181017 
    26700.0000  -0.551572   0.374389  -0.177183 
    26800.0000  -0.564926   0.362783  -0.202143 
    26900.0000  -0.571775   0.373938  -0.197837 
    27000.0000  -0.563304   0.374088  -0.189216 
    27100.0000  -0.560666   0.380178  -0.180488 
    27200.0000  -0.574704   0.383734  -0.190970 
    27300.0000  -0.582028   0.369819  -0.212209 
    27400.0000  -0.581517   0.378932  -0.202585 
    27500.0000  -0.567652   0.379515  -0.188136 
    27600.0000  -0.573200   0.377342  -0.195857 
    27700.0000  -0.578077   0.384008  -0.194069 
    27800.0000  -0.586738   0.371950  -0.214787 
    27900.0000  -0.577144   0.382328  -0.194816 
    28000.0000  -0.582895   0.378758  -0.204137 
    28100.0000  -0.577438   0.374159  -0.203280 
    28200.0000  -0.577831   0.374390  -0.203441 
    28300.0000  -0.569926   0.378101  -0.191826 
    28400.0000  -0.575219   0.363014  -0.212205 
    28500.0000  -0.571990   0.373297  -0.198692 
    28600.0000  -0.572772   0.379830  -0.192942 
    28700.0000  -0.574050   0.379260  -0.194790 
    28800.0000  -0.576699   0.384152  -0.192547 
    28900.0000  -0.580970   0.378991  -0.201979 
    29000.0000  -0.594651   0.379440  -0.215211 
    29100.0000  -0.578648   0.373497  -0.205151 
    29200.0000  -0.560144   0.365046  -0.195098 
    29300.0000  -0.562645   0.369909  -0.192736 
    29400.0000  -0.558304   0.383765  -0.174539 
    29500.0000  -0.563776   0.380512  -0.183264 
    29600.0000  -0.569988   0.379348  -0.190639 
    29700.0000  -0.569172   0.386129  -0.183043 
    29800.0000  -0.569872   0.381889  -0.187983 
    29900.0000  -0.577954   0.367628  -0.210326 
    30000.0000  -0.568234   0.370863  -0.197370 
    30100.0000  -0.574665   0.373350  -0.201315 
    30200.0000  -0.569444   0.365061  -0.204383 
    30300.0000  -0.568440   0.368933  -0.199508 
    30400.0000  -0.563805   0.376908  -0.186897 
    30500.0000  -0.576402   0.376557  -0.199844 
    30600.0000  -0.582743   0.380444  -0.202299 
    30700.0000  -0.581314   0.372110  -0.209204 
    30800.0000  -0.572909   0.376538  -0.196371 
    30900.0000  -0.565285   0.370518  -0.194767 
    31000.0000  -0.580005   0.379924  -0.200082 
    31100.0000  -0.593388   0.371652  -0.221737 
    31200.0000  -0.594021   0.369796  -0.224225 
    31300.0000  -0.591825   0.377462  -0.214363 
    31400.0000  -0.589261   0.374249  -0.215011 
    31500.0000  -0.585983   0.378176  -0.207806 
    31600.0000  -0.590375   0.378616  -0.211759 
    31700.0000  -0.585206   0.374887  -0.210320 
    31800.0000  -0.581121   0.373441  -0.207680 
    31900.0000  -0.583132   0.371142  -0.211990 
    32000.0000  -0.597717   0.376729  -0.220988 
    32100.0000  -0.602816   0.380780  -0.222037 
    32200.0000  -0.605750   0.373092  -0.232658 
    32300.0000  -0.609815   0.390164  -0.219652 
    32400.0000  -0.613311   0.366505  -0.246806 
    32500.0000  -0.617509   0.373072  -0.244437 
    32600.0000  -0.603243   0.376395  -0.226848 
    32700.0000  -0.607790   0.373220  -0.234570 
    32800.0000  -0.611658   0.371027  -0.240631 
    32900.0000  -0.594701   0.368270  -0.226431 
    33000.0000  -0.591662   0.375534  -0.216127 
    33100.0000  -0.596469   0.376806  -0.219663 
    33200.0000  -0.594883   0.383177  -0.211706 
    33300.0000  -0.597779   0.382089  -0.215691 
    33400.0000  -0.598725   0.367191  -0.231533 
    33500.0000  -0.611436   0.380432  -0.231005 
    33600.0000  -0.609238   0.380718  -0.228519 
    33700.0000  -0.612700   0.375340  -0.237360 
    33800.0000  -0.607371   0.378418  -0.228953 
    33900.0000  -0.610642   0.383795  -0.226848 
    34000.0000  -0.613700   0.375216  -0.238484 
    34100.0000  -0.622854   0.360447  -0.262406 
    34200.0000  -0.607974   0.377548  -0.230426 
    34300.0000  -0.611643   0.367469  -0.244174 
    34400.0000  -0.606645   0.374923  -0.231723 
    34500.0000  -0.622567   0.376950  -0.245617 
    34600.0000  -0.621718   0.376282  -0.245436 
    34700.0000  -0.624787   0.377183  -0.247604 
    34800.0000  -0.628030   0.380427  -0.247603 
    34900.0000  -0.623360   0.381399  -0.241960 
    35000.0000  -0.616797   0.376843  -0.239954 
    35100.0000  -0.610509   0.373730  -0.236779 
    35200.0000  -0.624613   0.373203  -0.251410 
    35300.0000  -0.635479   0.377358  -0.258120 
    35400.0000  -0.636848   0.375086  -0.261762 
    35500.0000  -0.644373   0.364898  -0.279475 
    35600.0000  -0.637058   0.377185  -0.259873 
    35700.0000  -0.657367   0.375293  -0.282074 
    35800.0000  -0.658774   0.377054  -0.281720 
    35900.0000  -0.666552   0.380112  -0.286440 
    36000.0000  -0.659860   0.371029  -0.288830 
    36100.0000  -0.643936   0.371529  -0.272407 
    36200.0000  -0.654930   0.371297  -0.283633 
    36300.0000  -0.658586   0.370605  -0.287980 
    36400.0000  -0.656029   0.376522  -0.279507 
    36500.0000  -0.661381   0.374627  -0.286753 
    36600.0000  -0.639560   0.374566  -0.264994 
    36700.0000  -0.646306   0.387909  -0.258398 
    36800.0000  -0.645082   0.369966  -0.275116 
    36900.0000  -0.639282   0.374907  -0.264375 
    37000.0000  -0.637720   0.374581  -0.263139 
    37100.0000  -0.641883   0.380201  -0.261682 
    37200.0000  -0.654605   0.364905  -0.289700 
    37300.0000  -0.651611   0.373356  -0.278255 
    37400.0000  -0.663311   0.377993  -0.285318 
    37500.0000  -0.656597   0.387611  -0.268985 
    37600.0000  -0.657658   0.377792  -0.279867 
    37700.0000  -0.663989   0.378786  -0.285203 
    37800.0000  -0.664051   0.380055  -0.283996 
    37900.0000  -0.675935   0.372361  -0.303574 
    38000.0000  -0.678853   0.376145  -0.302708 
    38100.0000  -0.674757   0.377806  -0.296951 
    38200.0000  -0.670007   0.371517  -0.298490 
    38300.0000  -0.664492   0.366018  -0.298474 
    38400.0000  -0.658094   0.378151  -0.279943 
    38500.0000  -0.661327   0.379077  -0.282250 
    38600.0000  -0.670546   0.370522  -0.300024 
    38700.0000  -0.666640   0.377588  -0.289052 
    38800.0000  -0.673261   0.379486  -0.293775 
    38900.0000  -0.668078   0.378310  -0.289768 
    39000.0000  -0.666181   0.379324  -0.286857 
    39100.0000  -0.679335   0.376779  -0.302556 
    39200.0000  -0.679035   0.379641  -0.299394 
    39300.0000  -0.672922   0.378343  -0.294580 
    39400.0000  -0.670786   0.379161  -0.291625 
    39500.0000  -0.665167   0.374083  -0.291085 
    39600.0000  -0.663895   0.367998  -0.295897 
    39700.0000  -0.666421   0.377206  -0.289215 
    39800.0000  -0.682078   0.378161  -0.303917 
    39900.0000  -0.682994   0.381672  -0.301322 
    40000.0000  -0.679263   0.376695  -0.302568 
    40100.0000  -0.691305   0.372852  -0.318453 
    40200.0000  -0.687376   0.372886  -0.314491 
    40300.0000  -0.680416   0.376927  -0.303488 
    40400.0000  -0.686148   0.381216  -0.304932 
    40500.0000  -0.684335   0.378068  -0.306267 
    40600.0000  -0.682231   0.374137  -0.308094 
    40700.0000  -0.673586   0.376106  -0.297480 
    40800.0000  -0.676616   0.378055  -0.298561 
    40900.0000  -0.674611   0.373993  -0.300618 
    41000.0000  -0.673398   0.377163  -0.296234 
    41100.0000  -0.675180   0.375442  -0.299738 
    41200.0000  -0.691913   0.371306  -0.320607 
    41300.0000  -0.686477   0.374265  -0.312212 
    41400.0000  -0.692882   0.373402  -0.319480 
    41500.0000  -0.694969   0.382025  -0.312944 
    41600.0000  -0.693003   0.371832  -0.321170 
    41700.0000  -0.701145   0.376153  -0.324993 
    41800.0000  -0.691679   0.367614  -0.324064 
    41900.0000  -0.691954   0.375980  -0.315974 
    42000.0000  -0.700124   0.380857  -0.319267 
    42100.0000  -0.719180   0.380349  -0.338830 
    42200.0000  -0.723200   0.377298  -0.345903 
    42300.0000  -0.713339   0.375506  -0.337833 
    42400.0000  -0.712569   0.382958  -0.329611 
    42500.0000  -0.710189   0.370239  -0.339950 
    42600.0000  -0.710369   0.374440  -0.335929 
    42700.0000  -0.714671   0.384843  -0.329828 
    42800.0000  -0.714910   0.373727  -0.341183 
    42900.0000  -0.705289   0.377301  -0.327988 
    43000.0000  -0.728160   0.362478  -0.365681 
    43100.0000  -0.725394   0.378028  -0.347366 
    43200.0000  -0.727781   0.382581  -0.345200 
    43300.0000  -0.729057   0.367859  -0.361198 
    43400.0000  -0.738431   0.379849  -0.358582 
    43500.0000  -0.750091   0.369165  -0.380927 
    43600.0000  -0.762453   0.381125  -0.381328 
    43700.0000  -0.762706   0.374955  -0.387751 
    43800.0000  -0.759122   0.379079  -0.380042 
    43900.0000  -0.760591   0.372229  -0.388362 
    44000.0000  -0.761678   0.377094  -0.384584 
    44100.0000  -0.774014   0.378277  -0.395737 
    44200.0000  -0.771522   0.369851  -0.401671 
    44300.0000  -0.769166   0.378243  -0.390923 
    44400.0000  -0.772515   0.375662  -0.396852 
    44500.0000  -0.782819   0.376222  -0.406597 
    44600.0000  -0.788997   0.370294  -0.418702 
    44700.0000  -0.801571   0.366940  -0.434630 
    44800.0000  -0.795572   0.375182  -0.420390 
    44900.0000  -0.787081   0.372011  -0.415070 
    45000.0000  -0.793258   0.377054  -0.416204 
    45100.0000  -0.801208   0.370690  -0.430518 
    45200.0000  -0.797105   0.375588  -0.421518 
    45300.0000  -0.789976   0.375242  -0.414734 
    45400.0000  -0.802657   0.377634  -0.425023 
    45500.0000  -0.799789   0.374231  -0.425557 
    45600.0000  -0.786573   0.384596  -0.401977 
    45700.0000  -0.788210   0.378040  -0.410170 
    45800.0000  -0.787714   0.376554  -0.411160 
    45900.0000  -0.779711   0.374939  -0.404773 
    46000.0000  -0.792742   0.380755  -0.411987 
    46100.0000  -0.798098   0.369467  -0.428631 
    46200.0000  -0.795064   0.388072  -0.406992 
    46300.0000  -0.795608   0.381468  -0.414140 
    46400.0000  -0.804225   0.374730  -0.429495 
    46500.0000  -0.799054   0.379326  -0.419728 
    46600.0000  -0.806212   0.377802  -0.428410 
    46700.0000  -0.810935   0.376687  -0.434248 
    46800.0000  -0.821855   0.375348  -0.446508 
    46900.0000  -0.833333   0.379684  -0.453650 
    47000.0000  -0.825202   0.383415  -0.441787 
    47100.0000  -0.828913   0.376949  -0.451964 
    47200.0000  -0.828383   0.380550  -0.447833 
    47300.0000  -0.831771   0.372021  -0.459750 
    47400.0000  -0.832321   0.381347  -0.450974 
    47500.0000  -0.837786   0.372728  -0.465058 
    47600.0000  -0.828892   0.382693  -0.446199 
    47700.0000  -0.839882   0.367349  -0.472532 
    47800.0000  -0.826903   0.364632  -0.462270 
    47900.0000  -0.829742   0.369006  -0.460735 
    48000.0000  -0.835130   0.383693  -0.451436 
    48100.0000  -0.850276   0.373432  -0.476844 
    48200.0000  -0.850543   0.370342  -0.480201 
    48300.0000  -0.856543   0.373508  -0.483036 
    48400.0000  -0.861882   0.371196  -0.490686 
    48500.0000  -0.860149   0.371730  -0.488419 
    48600.0000  -0.863218   0.372959  -0.490259 
    48700.0000  -0.865149   0.381607  -0.483542 
    48800.0000  -0.877750   0.382399  -0.495351 
    48900.0000  -0.885627   0.374254  -0.511373 
    49000.0000  -0.893791   0.378770  -0.515021 
    49100.0000  -0.898701   0.366662  -0.532038 
    49200.0000  -0.898650   0.370994  -0.527656 
    49300.0000  -0.899602   0.378750  -0.520852 
    49400.0000  -0.902771   0.381999  -0.520773 
    49500.0000  -0.898173   0.373509  -0.524664 
    49600.0000  -0.890640   0.376396  -0.514244 
    49700.0000  -0.887581   0.378312  -0.509269 
    49800.0000  -0.904399   0.367857  -0.536542 
    49900.0000  -0.915926   0.376014  -0.539912 
    50000.0000  -0.912490   0.369321  -0.543169 
    50100.0000  -0.913445   0.370908  -0.542537 
    50200.0000  -0.904671   0.373892  -0.530779 
    50300.0000  -0.912008   0.382288  -0.529720 
    50400.0000  -0.913167   0.372960  -0.540208 
    50500.0000  -0.920939   0.378513  -0.542426 
    50600.0000  -0.915851   0.380839  -0.535012 
    50700.0000  -0.918837   0.370100  -0.548738 
    50800.0000  -0.916614   0.373454  -0.543160 
    50900.0000  -0.921918   0.372498  -0.549420 
    51000.0000  -0.920928   0.378753  -0.542175 
    51100.0000  -0.937115   0.373781  -0.563334 
    51200.0000  -0.933240   0.381635  -0.551605 
    51300.0000  -0.920540   0.376774  -0.543766 
    51400.0000  -0.927450   0.369280  -0.558170 
    51500.0000  -0.930729   0.376806  -0.553922 
    51600.0000  -0.926835   0.381312  -0.545523 
    51700.0000  -0.932841   0.372039  -0.560802 
    51800.0000  -0.939435   0.368179  -0.571256 
    51900.0000  -0.935124   0.377211  -0.557913 
    52000.0000  -0.937576   0.372387  -0.565189 
    52100.0000  -0.940066   0.374777  -0.565288 
    52200.0000  -0.931418   0.380989  -0.550429 
    52300.0000  -0.932874   0.375514  -0.557360 
    52400.0000  -0.946777   0.376043  -0.570734 
    52500.0000  -0.950472   0.374922  -0.575550 
    52600.0000  -0.952041   0.377107  -0.574934 
    52700.0000  -0.950002   0.372554  -0.577448 
    52800.0000  -0.950567   0.379139  -0.571428 
    52900.0000  -0.958152   0.380516  -0.577636 
    53000.0000  -0.962583   0.374218  -0.588365 
    53100.0000  -0.956896   0.377790  -0.579105 
    53200.0000  -0.969965   0.369238  -0.600727 
    53300.0000  -0.977993   0.373286  -0.604707 
    53400.0000  -0.969136   0.378263  -0.590873 
    53500.0000  -0.977286   0.372546  -0.604740 
    53600.0000  -0.991227   0.379645  -0.611582 
    53700.0000  -0.983837   0.378626  -0.605211 
    53800.0000  -0.979262   0.382469  -0.596793 
    53900.0000  -0.979446   0.379403  -0.600043 
    54000.0000  -0.983339   0.375679  -0.607660 
    54100.0000  -0.985497   0.375784  -0.609713 
    54200.0000  -0.980121   0.369697  -0.610423 
    54300.0000  -0.996543   0.379682  -0.616861 
    54400.0000  -0.992930   0.373560  -0.619370 
    54500.0000  -0.998593   0.369143  -0.629450 
    54600.0000  -1.003184   0.375395  -0.627788 
    54700.0000  -1.009023   0.371442  -0.637581 
    54800.0000  -1.020797   0.381566  -0.639231 
    54900.0000  -1.025725   0.372911  -0.652814 
    55000.0000  -1.018139   0.374466  -0.643673 
    55100.0000  -1.008100   0.374248  -0.633853 
    55200.0000  -1.021860   0.371674  -0.650186 
    55300.0000  -1.025676   0.373155  -0.652521 
    55400.0000  -1.019187   0.377340  -0.641847 
    55500.0000  -1.019471   0.369665  -0.649806 
    55600.0000  -1.022617   0.374590  -0.648027 
    55700.0000  -1.021861   0.364956  -0.656905 
    55800.0000  -1.025293   0.380464  -0.644830 
    55900.0000  -1.033988   0.378963  -0.655025 
    56000.0000  -1.034340   0.377758  -0.656582 
    56100.0000  -1.033854   0.368054  -0.665800 
    56200.0000  -1.052385   0.378614  -0.673771 
    56300.0000  -1.045008   0.372786  -0.672222 
    56400.0000  -1.045153   0.373793  -0.671359 
    56500.0000  -1.041125   0.374186  -0.666939 
    56600.0000  -1.047229   0.383160  -0.664069 
    56700.0000  -1.054325   0.378490  -0.675835 
    56800.0000  -1.054284   0.380591  -0.673693 
    56900.0000  -1.058531   0.384909  -0.673623 
    57000.0000  -1.058861   0.375534  -0.683327 
    57100.0000  -1.070831   0.373273  -0.697557 
    57200.0000  -1.073916   0.372310  -0.701606 
    57300.0000  -1.066369   0.376681  -0.689688 
    57400.0000  -1.066637   0.380878  -0.685759 
    57500.0000  -1.067436   0.382103  -0.685334 
    57600.0000  -1.068143   0.377335  -0.690808 
    57700.0000  -1.068176   0.375096  -0.693080 
    57800.0000  -1.075129   0.371425  -0.703704 
    57900.0000  -1.070520   0.377632  -0.692887 
    58000.0000  -1.083258   0.372735  -0.710523 
    58100.0000  -1.080325   0.377657  -0.702669 
    58200.0000  -1.074572   0.380984  -0.693588 
    58300.0000  -1.079620   0.376834  -0.702785 
    58400.0000  -1.078775   0.375849  -0.702927 
    58500.0000  -1.076869   0.376695  -0.700174 
    58600.0000  -1.074746   0.376518  -0.698227 
    58700.0000  -1.092834   0.380710  -0.712123 
    58800.0000  -1.099302   0.381912  -0.717390 
    58900.0000  -1.093016   0.377330  -0.715686 
    59000.0000  -1.103078   0.377698  -0.725379 
    59100.0000  -1.097399   0.379550  -0.717849 
    59200.0000  -1.098986   0.364257  -0.734729 
    59300.0000  -1.093870   0.366179  -0.727690 
    59400.0000  -1.092283   0.377503  -0.714780 
    59500.0000  -1.095246   0.383778  -0.711468 
    59600.0000  -1.104477   0.370244  -0.734233 
    59700.0000  -1.104178   0.382115  -0.722063 
    59800.0000  -1.115005   0.367101  -0.747904 
    59900.0000  -1.119145   0.378801  -0.740344 
    60000.0000  -1.132774   0.369884  -0.762890 
    60100.0000  -1.132299   0.371642  -0.760657 
    60200.0000  -1.139518   0.377418  -0.762099 
    60300.0000  -1.131847   0.380189  -0.751657 
    60400.0000  -1.135807   0.374905  -0.760902 
    60500.0000  -1.143224   0.378045  -0.765179 
    60600.0000  -1.140287   0.372823  -0.767464 
    60700.0000  -1.142344   0.374344  -0.768000 
    60800.0000  -1.134433   0.374967  -0.759466 
    60900.0000  -1.146774   0.374051  -0.772723 
    61000.0000  -1.151402   0.383070  -0.768332 
    61100.0000  -1.164158   0.377573  -0.786585 
    61200.0000  -1.169092   0.380631  -0.788461 
    61300.0000  -1.168946   0.367496  -0.801450 
    61400.0000  -1.177310   0.371445  -0.805865 
    61500.0000  -1.184444   0.383501  -0.800943 
    61600.0000  -1.192004   0.373230  -0.818774 
    61700.0000  -1.187300   0.372693  -0.814607 
    61800.0000  -1.186005   0.372070  -0.813935 
    61900.0000  -1.177889   0.378261  -0.799628 
    62000.0000  -1.181160   0.377449  -0.803710 
    62100.0000  -1.177393   0.383837  -0.793556 
    62200.0000  -1.190908   0.380638  -0.810270 
    62300.0000  -1.195879   0.371453  -0.824427 
    62400.0000  -1.194073   0.373024  -0.821048 
    62500.0000  -1.198690   0.374684  -0.824006 
    62600.0000  -1.199978   0.377795  -0.822183 
    62700.0000  -1.216692   0.380180  -0.836512 
    62800.0000  -1.225058   0.377508  -0.847549 
    62900.0000  -1.234472   0.382628  -0.851844 
    63000.0000  -1.237157   0.370022  -0.867134 
    63100.0000  -1.237706   0.377602  -0.860104 
    63200.0000  -1.243577   0.380522  -0.863055 
    63300.0000  -1.239906   0.380147  -0.859760 
    63400.0000  -1.241444   0.383356  -0.858087 
    63500.0000  -1.240581   0.380605  -0.859976 
    63600.0000  -1.238166   0.384506  -0.853660 
    63700.0000  -1.252372   0.365414  -0.886958 
    63800.0000  -1.251409   0.367798  -0.883611 
    63900.0000  -1.249223   0.368391  -0.880832 
    64000.0000  -1.253309   0.376181  -0.877128 
    64100.0000  -1.252420   0.377684  -0.874736 
    64200.0000  -1.259838   0.378105  -0.881733 
    64300.0000  -1.260974   0.377855  -0.883119 
    64400.0000  -1.269267   0.370729  -0.898538 
    64500.0000  -1.271147   0.374833  -0.896314 
    64600.0000  -1.271341   0.380666  -0.890675 
    64700.0000  -1.280825   0.366527  -0.914299 
    64800.0000  -1.276451   0.373995  -0.902456 
    64900.0000  -1.285581   0.368345  -0.917237 
    65000.0000  -1.285135   0.379247  -0.905888 
    65100.0000  -1.290060   0.375921  -0.914139 
    65200.0000  -1.294207   0.378311  -0.915897 
    65300.0000  -1.300299   0.381880  -0.918418 
    65400.0000  -1.302306   0.377453  -0.924853 
    65500.0000  -1.292505   0.376236  -0.916270 
    65600.0000  -1.288565   0.373440  -0.915125 
    65700.0000  -1.296528   0.372642  -0.923887 
    65800.0000  -1.295739   0.374522  -0.921216 
    65900.0000  -1.307377   0.373755  -0.933622 
    66000.0000  -1.313224   0.380605  -0.932619 
    66100.0000  -1.313275   0.374729  -0.938546 
