0
1
2
3
4
5
6
7
8
9
10
11
12
13
14
15
16
17
18
19
20
21
22
23
24
25
26
27
28
29
30
31
32
33
34
35
36
37
38
39
40
41
42
43
44
45
46
47
48
49
50
51
52
53
54
55
56
57
58
59
60
61
62
63
64
65
66
67
68
69
70
71
72
73
74
75
76
77
78
79
80
81
82
83
84
85
86
87
88
89
90
91
92
93
94
95
96
97
98
99
100
101
102
103
104
105
106
107
108
109
110
111
112
113
114
115
116
117
118
119
120
121
122
123
124
125
126
127
128
129
130
131
132
133
134
135
136
137
138
139
140
141
142
143
144
145
146
147
148
149
150
151
152
153
154
155
156
157
158
159
160
161
162
163
164
165
166
167
168
169
170
171
172
173
174
175
176
177
178
179
180
181
182
183
184
185
186
187
188
189
190
191
192
193
194
195
196
197
198
199
200
201
202
203
204
205
206
207
208
209
210
211
212
213
214
215
216
217
218
219
220
221
222
223
224
225
226
227
228
229
230
231
232
233
234
235
236
237
238
239
240
241
242
243
244
245
246
247
248
249
250
251
252
253
254
255
256
257
258
259
260
261
262
263
264
265
266
267
268
269
270
271
272
273
274
275
276
277
278
279
280
281
282
283
284
285
286
287
288
289
290
291
292
293
294
295
296
297
298
299
300
301
302
303
304
305
306
307
308
309
310
311
312
313
314
315
316
317
318
319
320
321
322
323
324
325
326
327
328
329
330
331
332
333
334
335
336
337
338
339
340
341
342
343
344
345
346
347
348
349
350
351
352
353
354
355
356
357
358
359
360
361
362
363
364
365
366
367
368
369
370
371
372
373
374
375
376
377
378
379
380
381
382
383
384
385
386
387
388
389
390
391
392
393
394
395
396
397
398
399
400
401
402
403
404
405
406
407
408
409
410
411
412
413
414
415
416
417
418
419
420
421
422
423
424
425
426
427
428
429
430
431
432
433
434
435
436
437
438
439
440
441
442
443
444
445
446
447
448
449
450
451
452
453
454
455
456
457
458
459
460
461
462
463
464
465
466
467
468
469
470
471
472
473
474
475
476
477
478
479
480
481
482
483
484
485
486
487
488
489
490
491
492
493
494
495
496
497
498
499
500
501
502
503
504
505
506
507
508
509
510
511
512
513
514
515
516
517
518
519
520
521
522
523
524
525
526
527
528
529
530
531
532
533
534
535
536
537
538
539
540
541
542
543
544
545
546
547
548
549
550
551
552
553
554
555
556
557
558
559
560
561
562
563
564
565
566
567
568
569
570
571
572
573
574
575
576
577
578
579
580
581
582
583
584
585
586
587
588
589
590
591
592
593
594
595
596
597
598
599
600
601
602
603
604
605
606
607
608
609
610
611
612
613
614
615
616
617
618
619
620
621
622
623
624
625
626
627
628
629
630
631
632
633
634
635
636
637
638
639
640
641
642
643
644
645
646
647
648
649
650
651
652
653
654
655
656
657
658
659
660
661
662
663
664
665
666
667
668
669
670
671
672
673
674
675
676
677
678
679
680
681
682
683
684
685
686
687
688
689
690
691
692
693
694
695
696
697
698
699
700
701
702
703
704
705
706
707
708
709
710
711
712
713
714
715
716
717
718
719
720
721
722
723
724
725
726
727
728
729
730
731
732
733
734
735
736
737
738
739
740
741
742
743
744
745
746
747
748
749
750
751
752
753
754
755
756
757
758
759
760
761
762
763
764
765
766
767
768
769
770
771
772
773
774
775
776
777
778
779
780
781
782
783
784
785
786
787
788
789
790
791
792
793
794
795
796
797
798
799
800
801
802
803
804
805
806
807
808
809
810
811
812
813
814
815
816
817
818
819
820
821
822
823
824
825
826
827
828
829
830
831
832
833
834
835
836
837
838
839
840
841
842
843
844
845
846
847
848
849
850
851
852
853
854
855
856
857
858
859
860
861
862
863
864
865
866
867
868
869
870
871
872
873
874
875
876
877
878
879
880
881
882
883
884
885
886
887
888
889
890
891
892
893
894
895
896
897
898
899
900
901
902
903
904
905
906
907
908
909
910
911
912
913
914
915
916
917
918
919
920
921
922
923
924
925
926
927
928
929
930
931
932
933
934
935
936
937
938
939
940
941
942
943
944
945
946
947
948
949
950
951
952
953
954
955
956
957
958
959
960
961
962
963
964
965
966
967
968
969
970
971
972
973
974
975
976
977
978
979
980
981
982
983
984
985
986
987
988
989
990
991
992
993
994
995
996
997
998
999
1000
1001
1002
1003
1004
1005
1006
1007
1008
1009
1010
1011
1012
1013
1014
1015
1016
1017
1018
1019
1020
1021
1022
1023
1024
1025
1026
1027
1028
1029
1030
1031
1032
1033
1034
1035
1036
1037
1038
1039
1040
1041
1042
1043
1044
1045
1046
1047
1048
1049
1050
1051
1052
1053
1054
1055
1056
1057
1058
1059
1060
1061
1062
1063
1064
1065
1066
1067
1068
1069
1070
1071
1072
1073
1074
1075
1076
1077
1078
1079
1080
1081
1082
1083
1084
1085
1086
1087
1088
1089
1090
1091
1092
1093
1094
1095
1096
1097
1098
1099
1100
1101
1102
1103
1104
1105
1106
1107
1108
1109
1110
1111
1112
1113
1114
1115
1116
1117
1118
1119
1120
1121
1122
1123
1124
1125
1126
1127
1128
1129
1130
1131
1132
1133
1134
1135
1136
1137
1138
1139
1140
1141
1142
1143
1144
1145
1146
1147
1148
1149
1150
1151
1152
1153
1154
1155
1156
1157
1158
1159
1160
1161
1162
1163
1164
1165
1166
1167
1168
1169
1170
1171
1172
1173
1174
1175
1176
1177
1178
1179
1180
1181
1182
1183
1184
1185
1186
1187
1188
1189
1190
1191
1192
1193
1194
1195
1196
1197
1198
1199
1200
1201
1202
1203
1204
1205
1206
1207
1208
1209
1210
1211
1212
1213
1214
1215
1216
1217
1218
1219
1220
1221
1222
1223
1224
1225
1226
1227
1228
1229
1230
1231
1232
1233
1234
1235
1236
1237
1238
1239
1240
1241
1242
1243
1244
1245
1246
1247
1248
1249
1250
1251
1252
1253
1254
1255
1256
1257
1258
1259
1260
1261
1262
1263
1264
1265
1266
1267
1268
1269
1270
1271
1272
1273
1274
1275
1276
1277
1278
1279
1280
1281
1282
1283
1284
1285
1286
1287
1288
1289
1290
1291
1292
1293
1294
1295
1296
1297
1298
1299
1300
1301
1302
1303
1304
1305
1306
1307
1308
1309
1310
1311
1312
1313
1314
1315
1316
1317
1318
1319
1320
1321
1322
1323
1324
1325
1326
1327
1328
1329
1330
1331
1332
1333
1334
1335
1336
1337
1338
1339
1340
1341
1342
1343
1344
1345
1346
1347
1348
1349
1350
1351
1352
1353
1354
1355
1356
1357
1358
1359
1360
1361
1362
1363
1364
1365
1366
1367
1368
1369
1370
1371
1372
1373
1374
1375
1376
1377
1378
1379
1380
1381
1382
1383
1384
1385
1386
1387
1388
1389
1390
1391
1392
1393
1394
1395
1396
1397
1398
1399
1400
1401
1402
1403
1404
1405
1406
1407
1408
1409
1410
1411
1412
1413
1414
1415
1416
1417
1418
1419
1420
1421
1422
1423
1424
1425
1426
1427
1428
1429
1430
1431
1432
1433
1434
1435
1436
1437
1438
1439
1440
1441
1442
1443
1444
1445
1446
1447
1448
1449
1450
1451
1452
1453
1454
1455
1456
1457
1458
1459
1460
1461
1462
1463
1464
1465
1466
1467
1468
1469
1470
1471
1472
1473
1474
1475
1476
1477
1478
1479
1480
1481
1482
1483
1484
1485
1486
1487
1488
1489
1490
1491
1492
1493
1494
1495
1496
1497
1498
1499
1500
1501
1502
1503
1504
1505
1506
1507
1508
1509
1510
1511
1512
1513
1514
1515
1516
1517
1518
1519
1520
1521
1522
1523
1524
1525
1526
1527
1528
1529
1530
1531
1532
1533
1534
1535
1536
1537
1538
1539
1540
1541
1542
1543
1544
1545
1546
1547
1548
1549
1550
1551
1552
1553
1554
1555
1556
1557
1558
1559
1560
1561
1562
1563
1564
1565
1566
1567
1568
1569
1570
1571
1572
1573
1574
1575
1576
1577
1578
1579
1580
1581
1582
1583
1584
1585
1586
1587
1588
1589
1590
1591
1592
1593
1594
1595
1596
1597
1598
1599
1600
1601
1602
1603
1604
1605
1606
1607
1608
1609
1610
1611
1612
1613
1614
1615
1616
1617
1618
1619
1620
1621
1622
1623
1624
1625
1626
1627
1628
1629
1630
1631
1632
1633
1634
1635
1636
1637
1638
1639
1640
1641
1642
1643
1644
1645
1646
1647
1648
1649
1650
1651
1652
1653
1654
1655
1656
1657
1658
1659
1660
1661
1662
1663
1664
1665
1666
1667
1668
1669
1670
1671
1672
1673
1674
1675
1676
1677
1678
1679
1680
1681
1682
1683
1684
1685
1686
1687
1688
1689
1690
1691
1692
1693
1694
1695
1696
1697
1698
1699
1700
1701
1702
1703
1704
1705
1706
1707
1708
1709
1710
1711
1712
1713
1714
1715
1716
1717
1718
1719
1720
1721
1722
1723
1724
1725
1726
1727
1728
1729
1730
1731
1732
1733
1734
1735
1736
1737
1738
1739
1740
1741
1742
1743
1744
1745
1746
1747
1748
1749
1750
1751
1752
1753
1754
1755
1756
1757
1758
1759
1760
1761
1762
1763
1764
1765
1766
1767
1768
1769
1770
1771
1772
1773
1774
1775
1776
1777
1778
1779
1780
1781
1782
1783
1784
1785
1786
1787
1788
1789
1790
1791
1792
1793
1794
1795
1796
1797
1798
1799
1800
1801
1802
1803
1804
1805
1806
1807
1808
1809
1810
1811
1812
1813
1814
1815
1816
1817
1818
1819
1820
1821
1822
1823
1824
1825
1826
1827
1828
1829
1830
1831
1832
1833
1834
1835
1836
1837
1838
1839
1840
1841
1842
1843
1844
1845
1846
1847
1848
1849
1850
1851
1852
1853
1854
1855
1856
1857
1858
1859
180	0
1	0
2	0
3	0
4	0
5	0
6	0
7	0
8	0
9	0
10	0
11	0
12	0
13	0
14	0
15	0
16	0
17	0
18	0
19	0
20	0
21	0
22	0
23	0
24	0
25	0
26	0
27	0
28	0
29	0
30	0
31	0
32	0
33	0
34	0
35	0
36	0
37	0
38	0
39	0
40	0
41	0
42	0
43	0
44	0
45	0
46	0
47	0
48	0
49	0
50	0
51	0
52	0
53	0
54	0
55	0
56	0
57	0
58	0
59	0
60	0
61	0
62	0
63	0
64	0
65	0
66	0
67	0
68	0
69	0
70	0
71	0
72	0
73	0
74	0
75	0
76	0
77	0
78	0
79	0
80	0
81	0
82	0
83	0
84	0
85	0
86	0
87	0
88	0
89	0
90	0
91	0
92	0
93	0
94	0
95	0
96	0
97	0
98	0
99	0
100	0
101	0
102	0
103	0
104	0
105	0
106	0
107	0
108	0
109	0
110	0
111	0
112	0
113	0
114	0
115	0
116	0
117	0
118	0
119	0
120	0
121	0
122	0
123	0
124	0
125	0
126	0
127	0
128	0
129	0
130	0
131	0
132	0
133	0
134	0
135	0
136	0
137	0
138	0
139	0
140	0
141	0
142	0
143	0
144	0
145	0
146	0
147	0
148	0
149	0
150	0
151	0
152	0
153	0
154	0
155	0
156	0
157	0
158	0
159	0
160	0
161	0
162	0
163	0
164	0
165	0
166	0
167	0
168	0
169	0
170	0
171	0
172	0
173	0
174	0
175	0
176	0
177	0
178	0
179	0
180	0
181	0
182	0
183	0
184	0
185	0
186	0
187	0
188	0
189	0
190	0
191	0
192	0
193	0
194	0
195	0
196	0
197	0
198	0
199	0
200	0
201	0
202	0
203	0
204	0
205	0
206	0
207	0
208	0
209	0
210	0
211	0
212	0
213	0
214	0
215	0
216	0
217	0
218	0
219	0
220	0
221	0
222	0
223	0
224	0
225	0
226	0
227	0
228	0
229	0
230	0
231	0
232	0
233	0
234	0
235	0
236	0
237	0
238	0
239	0
240	0
241	0
242	0
243	0
244	0
245	0
246	0
247	0
248	0
249	0
250	0
251	0
252	0
253	0
254	0
255	0
256	1
257	1
258	1
259	1
260	1
261	1
262	1
263	1
264	1
265	1
266	1
267	1
268	1
269	1
270	1
271	1
272	1
273	1
274	1
275	1
276	1
277	1
278	1
279	1
280	1
281	1
282	1
283	1
284	1
285	1
286	1
287	1
288	1
289	1
290	1
291	1
292	1
293	1
294	1
295	1
296	1
297	1
298	1
299	1
300	1
301	1
302	1
303	1
304	1
305	1
306	1
307	1
308	1
309	1
310	1
311	1
312	1
313	1
314	1
315	1
316	1
317	1
318	1
319	1
320	1
321	1
322	1
323	1
324	1
325	1
326	1
327	1
328	1
329	1
330	1
331	1
332	1
333	1
334	1
335	1
336	1
337	1
338	1
339	1
340	1
341	1
342	1
343	1
344	1
345	1
346	1
347	1
348	1
349	1
350	1
351	1
352	1
353	1
354	1
355	1
356	1
357	1
358	1
359	1
360	1
361	1
362	1
363	1
364	1
365	1
366	1
367	1
368	1
369	1
370	1
371	1
372	1
373	1
374	1
375	1
376	1
377	1
378	1
379	1
380	1
381	1
382	1
383	1
384	1
385	1
386	1
387	1
388	1
389	1
390	1
391	1
392	1
393	1
394	1
395	1
396	1
397	1
398	1
399	1
400	1
401	1
402	1
403	1
404	1
405	1
406	1
407	1
408	1
409	1
410	1
411	1
412	1
413	1
414	1
415	1
416	1
417	1
418	1
419	1
420	1
421	1
422	1
423	1
424	1
425	1
426	1
427	1
428	1
429	1
430	1
431	1
432	1
433	1
434	1
435	1
436	1
437	1
438	1
439	1
440	1
441	1
442	1
443	1
444	1
445	1
446	1
447	1
448	1
449	1
450	1
451	1
452	1
453	1
454	1
455	1
456	1
457	1
458	1
459	1
460	1
461	1
462	1
463	1
464	1
465	1
466	1
467	1
468	1
469	1
470	1
471	1
472	1
473	1
474	1
475	1
476	1
477	1
478	1
479	1
480	1
481	1
482	1
483	1
484	1
485	1
486	1
487	1
488	1
489	1
490	1
491	1
492	1
493	1
494	1
495	1
496	1
497	1
498	1
499	1
500	1
501	1
502	1
503	1
504	1
505	1
506	1
507	1
508	1
509	1
510	1
511	1
512	2
513	2
514	2
515	2
516	2
517	2
518	2
519	2
520	2
521	2
522	2
523	2
524	2
525	2
526	2
527	2
528	2
529	2
530	2
531	2
532	2
533	2
534	2
535	2
536	2
537	2
538	2
539	2
540	2
541	2
542	2
543	2
544	2
545	2
546	2
547	2
548	2
549	2
550	2
551	2
552	2
553	2
554	2
555	2
556	2
557	2
558	2
559	2
560	2
561	2
562	2
563	2
564	2
565	2
566	2
567	2
568	2
569	2
570	2
571	2
572	2
573	2
574	2
575	2
576	2
577	2
578	2
579	2
580	2
581	2
582	2
583	2
584	2
585	2
586	2
587	2
588	2
589	2
590	2
591	2
592	2
593	2
594	2
595	2
596	2
597	2
598	2
599	2
600	2
601	2
602	2
603	2
604	2
605	2
606	2
607	2
608	2
609	2
610	2
611	2
612	2
613	2
614	2
615	2
616	2
617	2
618	2
619	2
620	2
621	2
622	2
623	2
624	2
625	2
626	2
627	2
628	2
629	2
630	2
631	2
632	2
633	2
634	2
635	2
636	2
637	2
638	2
639	2
640	2
641	2
642	2
643	2
644	2
645	2
646	2
647	2
648	2
649	2
650	2
651	2
652	2
653	2
654	2
655	2
656	2
657	2
658	2
659	2
660	2
661	2
662	2
663	2
664	2
665	2
666	2
667	2
668	2
669	2
670	2
671	2
672	2
673	2
674	2
675	2
676	2
677	2
678	2
679	2
680	2
681	2
682	2
683	2
684	2
685	2
686	2
687	2
688	2
689	2
690	2
691	2
692	2
693	2
694	2
695	2
696	2
697	2
698	2
699	2
700	2
701	2
702	2
703	2
704	2
705	2
706	2
707	2
708	2
709	2
710	2
711	2
712	2
713	2
714	2
715	2
716	2
717	2
718	2
719	2
720	2
721	2
722	2
723	2
724	2
725	2
726	2
727	2
728	2
729	2
730	2
731	2
732	2
733	2
734	2
735	2
736	2
737	2
738	2
739	2
740	2
741	2
742	2
743	2
744	2
745	2
746	2
747	2
748	2
749	2
750	2
751	2
752	2
753	2
754	2
755	2
756	2
757	2
758	2
759	2
760	2
761	2
762	2
763	2
764	2
765	2
766	2
767	2
768	3
769	3
770	3
771	3
772	3
773	3
774	3
775	3
776	3
777	3
778	3
779	3
780	3
781	3
782	3
783	3
784	3
785	3
786	3
787	3
788	3
789	3
790	3
791	3
792	3
793	3
794	3
795	3
796	3
797	3
798	3
799	3
800	3
801	3
802	3
803	3
804	3
805	3
806	3
807	3
808	3
809	3
810	3
811	3
812	3
813	3
814	3
815	3
816	3
817	3
818	3
819	3
820	3
821	3
822	3
823	3
824	3
825	3
826	3
827	3
828	3
829	3
830	3
831	3
832	3
833	3
834	3
835	3
836	3
837	3
838	3
839	3
840	3
841	3
842	3
843	3
844	3
845	3
846	3
847	3
848	3
849	3
850	3
851	3
852	3
853	3
854	3
855	3
856	3
857	3
858	3
859	3
860	3
861	3
862	3
863	3
864	3
865	3
866	3
867	3
868	3
869	3
870	3
871	3
872	3
873	3
874	3
875	3
876	3
877	3
878	3
879	3
880	3
881	3
882	3
883	3
884	3
885	3
886	3
887	3
888	3
889	3
890	3
891	3
892	3
893	3
894	3
895	3
896	3
897	3
898	3
899	3
900	3
901	3
902	3
903	3
904	3
905	3
906	3
907	3
908	3
909	3
910	3
911	3
912	3
913	3
914	3
915	3
916	3
917	3
918	3
919	3
920	3
921	3
922	3
923	3
924	3
925	3
926	3
927	3
928	3
929	3
930	3
931	3
932	3
933	3
934	3
935	3
936	3
937	3
938	3
939	3
940	3
941	3
942	3
943	3
944	3
945	3
946	3
947	3
948	3
949	3
950	3
951	3
952	3
953	3
954	3
955	3
956	3
957	3
958	3
959	3
960	3
961	3
962	3
963	3
964	3
965	3
966	3
967	3
968	3
969	3
970	3
971	3
972	3
973	3
974	3
975	3
976	3
977	3
978	3
979	3
980	3
981	3
982	3
983	3
984	3
985	3
986	3
987	3
988	3
989	3
990	3
991	3
992	3
993	3
994	3
995	3
996	3
997	3
998	3
999	3
1000	3
1001	3
1002	3
1003	3
1004	3
1005	3
1006	3
1007	3
1008	3
1009	3
1010	3
1011	3
1012	3
1013	3
1014	3
1015	3
1016	3
1017	3
1018	3
1019	3
1020	3
1021	3
1022	3
1023	3
1024	0
1025	0
1026	0
1027	0
1028	0
1029	0
1030	0
1031	0
1032	0
1033	0
1034	0
1035	0
1036	0
1037	0
1038	0
1039	0
1040	0
1041	0
1042	0
1043	0
1044	0
1045	0
1046	0
1047	0
1048	0
1049	0
1050	0
1051	0
1052	0
1053	0
1054	0
1055	0
1056	0
1057	0
1058	0
1059	0
1060	0
1061	0
1062	0
1063	0
1064	0
1065	0
1066	0
1067	0
1068	0
1069	0
1070	0
1071	0
1072	0
1073	0
1074	0
1075	0
1076	0
1077	0
1078	0
1079	0
1080	0
1081	0
1082	0
1083	0
1084	0
1085	0
1086	0
1087	0
1088	0
1089	0
1090	0
1091	0
1092	0
1093	0
1094	0
1095	0
1096	0
1097	0
1098	0
1099	0
1100	0
1101	0
1102	0
1103	0
1104	0
1105	0
1106	0
1107	0
1108	0
1109	0
1110	0
1111	0
1112	0
1113	0
1114	0
1115	0
1116	0
1117	0
1118	0
1119	0
1120	0
1121	0
1122	0
1123	0
1124	0
1125	0
1126	0
1127	0
1128	0
1129	0
1130	0
1131	0
1132	0
1133	0
1134	0
1135	0
1136	0
1137	0
1138	0
1139	0
1140	0
1141	0
1142	0
1143	0
1144	0
1145	0
1146	0
1147	0
1148	0
1149	0
1150	0
1151	0
1152	0
1153	0
1154	0
1155	0
1156	0
1157	0
1158	0
1159	0
1160	0
1161	0
1162	0
1163	0
1164	0
1165	0
1166	0
1167	0
1168	0
1169	0
1170	0
1171	0
1172	0
1173	0
1174	0
1175	0
1176	0
1177	0
1178	0
1179	0
1180	0
1181	0
1182	0
1183	0
1184	0
1185	0
1186	0
1187	0
1188	0
1189	0
1190	0
1191	0
1192	0
1193	0
1194	0
1195	0
1196	0
1197	0
1198	0
1199	0
1200	0
1201	0
1202	0
1203	0
1204	0
1205	0
1206	0
1207	0
1208	0
1209	0
1210	0
1211	0
1212	0
1213	0
1214	0
1215	0
1216	0
1217	0
1218	0
1219	0
1220	0
1221	0
1222	0
1223	0
1224	0
1225	0
1226	0
1227	0
1228	0
1229	0
1230	0
1231	0
1232	0
1233	0
1234	0
1235	0
1236	0
1237	0
1238	0
1239	0
1240	0
1241	0
1242	0
1243	0
1244	0
1245	0
1246	0
1247	0
1248	0
1249	0
1250	0
1251	0
1252	0
1253	0
1254	0
1255	0
1256	0
1257	0
1258	0
1259	0
1260	0
1261	0
1262	0
1263	0
1264	0
1265	0
1266	0
1267	0
1268	0
1269	0
1270	0
1271	0
1272	0
1273	0
1274	0
1275	0
1276	0
1277	0
1278	0
1279	0
1280	1
1281	1
1282	1
1283	1
1284	1
1285	1
1286	1
1287	1
1288	1
1289	1
1290	1
1291	1
1292	1
1293	1
1294	1
1295	1
1296	1
1297	1
1298	1
1299	1
1300	1
1301	1
1302	1
1303	1
1304	1
1305	1
1306	1
1307	1
1308	1
1309	1
1310	1
1311	1
1312	1
1313	1
1314	1
1315	1
1316	1
1317	1
1318	1
1319	1
1320	1
1321	1
1322	1
1323	1
1324	1
1325	1
1326	1
1327	1
1328	1
1329	1
1330	1
1331	1
1332	1
1333	1
1334	1
1335	1
1336	1
1337	1
1338	1
1339	1
1340	1
1341	1
1342	1
1343	1
1344	1
1345	1
1346	1
1347	1
1348	1
1349	1
1350	1
1351	1
1352	1
1353	1
1354	1
1355	1
1356	1
1357	1
1358	1
1359	1
1360	1
1361	1
1362	1
1363	1
1364	1
1365	1
1366	1
1367	1
1368	1
1369	1
1370	1
1371	1
1372	1
1373	1
1374	1
1375	1
1376	1
1377	1
1378	1
1379	1
1380	1
1381	1
1382	1
1383	1
1384	1
1385	1
1386	1
1387	1
1388	1
1389	1
1390	1
1391	1
1392	1
1393	1
1394	1
1395	1
1396	1
1397	1
1398	1
1399	1
1400	1
1401	1
1402	1
1403	1
1404	1
1405	1
1406	1
1407	1
1408	1
1409	1
1410	1
1411	1
1412	1
1413	1
1414	1
1415	1
1416	1
1417	1
1418	1
1419	1
1420	1
1421	1
1422	1
1423	1
1424	1
1425	1
1426	1
1427	1
1428	1
1429	1
1430	1
1431	1
1432	1
1433	1
1434	1
1435	1
1436	1
1437	1
1438	1
1439	1
1440	1
1441	1
1442	1
1443	1
1444	1
1445	1
1446	1
1447	1
1448	1
1449	1
1450	1
1451	1
1452	1
1453	1
1454	1
1455	1
1456	1
1457	1
1458	1
1459	1
1460	1
1461	1
1462	1
1463	1
1464	1
1465	1
1466	1
1467	1
1468	1
1469	1
1470	1
1471	1
1472	1
1473	1
1474	1
1475	1
1476	1
1477	1
1478	1
1479	1
1480	1
1481	1
1482	1
1483	1
1484	1
1485	1
1486	1
1487	1
1488	1
1489	1
1490	1
1491	1
1492	1
1493	1
1494	1
1495	1
1496	1
1497	1
1498	1
1499	1
1500	1
1501	1
1502	1
1503	1
1504	1
1505	1
1506	1
1507	1
1508	1
1509	1
1510	1
1511	1
1512	1
1513	1
1514	1
1515	1
1516	1
1517	1
1518	1
1519	1
1520	1
1521	1
1522	1
1523	1
1524	1
1525	1
1526	1
1527	1
1528	1
1529	1
1530	1
1531	1
1532	1
1533	1
1534	1
1535	1
1536	2
1537	2
1538	2
1539	2
1540	2
1541	2
1542	2
1543	2
1544	2
1545	2
1546	2
1547	2
1548	2
1549	2
1550	2
1551	2
1552	2
1553	2
1554	2
1555	2
1556	2
1557	2
1558	2
1559	2
1560	2
1561	2
1562	2
1563	2
1564	2
1565	2
1566	2
1567	2
1568	2
1569	2
1570	2
1571	2
1572	2
1573	2
1574	2
1575	2
1576	2
1577	2
1578	2
1579	2
1580	2
1581	2
1582	2
1583	2
1584	2
1585	2
1586	2
1587	2
1588	2
1589	2
1590	2
1591	2
1592	2
1593	2
1594	2
1595	2
1596	2
1597	2
1598	2
1599	2
1600	2
1601	2
1602	2
1603	2
1604	2
1605	2
1606	2
1607	2
1608	2
1609	2
1610	2
1611	2
1612	2
1613	2
1614	2
1615	2
1616	2
1617	2
1618	2
1619	2
1620	2
1621	2
1622	2
1623	2
1624	2
1625	2
1626	2
1627	2
1628	2
1629	2
1630	2
1631	2
1632	2
1633	2
1634	2
1635	2
1636	2
1637	2
1638	2
1639	2
1640	2
1641	2
1642	2
1643	2
1644	2
1645	2
1646	2
1647	2
1648	2
1649	2
1650	2
1651	2
1652	2
1653	2
1654	2
1655	2
1656	2
1657	2
1658	2
1659	2
1660	2
1661	2
1662	2
1663	2
1664	2
1665	2
1666	2
1667	2
1668	2
1669	2
1670	2
1671	2
1672	2
1673	2
1674	2
1675	2
1676	2
1677	2
1678	2
1679	2
1680	2
1681	2
1682	2
1683	2
1684	2
1685	2
1686	2
1687	2
1688	2
1689	2
1690	2
1691	2
1692	2
1693	2
1694	2
1695	2
1696	2
1697	2
1698	2
1699	2
1700	2
1701	2
1702	2
1703	2
1704	2
1705	2
1706	2
1707	2
1708	2
1709	2
1710	2
1711	2
1712	2
1713	2
1714	2
1715	2
1716	2
1717	2
1718	2
1719	2
1720	2
1721	2
1722	2
1723	2
1724	2
1725	2
1726	2
1727	2
1728	2
1729	2
1730	2
1731	2
1732	2
1733	2
1734	2
1735	2
1736	2
1737	2
1738	2
1739	2
1740	2
1741	2
1742	2
1743	2
1744	2
1745	2
1746	2
1747	2
1748	2
1749	2
1750	2
1751	2
1752	2
1753	2
1754	2
1755	2
1756	2
1757	2
1758	2
1759	2
1760	2
1761	2
1762	2
1763	2
1764	2
1765	2
1766	2
1767	2
1768	2
1769	2
1770	2
1771	2
1772	2
1773	2
1774	2
1775	2
1776	2
1777	2
1778	2
1779	2
1780	2
1781	2
1782	2
1783	2
1784	2
1785	2
1786	2
1787	2
1788	2
1789	2
1790	2
1791	2
1792	3
1793	3
1794	3
1795	3
1796	3
1797	3
1798	3
1799	3
1800	3
1801	3
1802	3
1803	3
1804	3
1805	3
1806	3
1807	3
1808	3
1809	3
1810	3
1811	3
1812	3
1813	3
1814	3
1815	3
1816	3
1817	3
1818	3
1819	3
1820	3
1821	3
1822	3
1823	3
1824	3
1825	3
1826	3
1827	3
1828	3
1829	3
1830	3
1831	3
1832	3
1833	3
1834	3
1835	3
1836	3
1837	3
1838	3
1839	3
1840	3
1841	3
1842	3
1843	3
1844	3
1845	3
1846	3
1847	3
1848	3
1849	3
1850	3
1851	3
1852	3
1853	3
1854	3
1855	3
1856	3
1857	3
1858	3
1859	3
1860	3
1861	3
1862	3
1863	3
1864	3
1865	3
1866	3
1867	3
1868	3
1869	3
1870	3
1871	3
1872	3
1873	3
1874	3
1875	3
1876	3
1877	3
1878	3
1879	3
1880	3
1881	3
1882	3
1883	3
1884	3
1885	3
1886	3
1887	3
1888	3
1889	3
1890	3
1891	3
1892	3
1893	3
1894	3
1895	3
1896	3
1897	3
1898	3
1899	3
1900	3
1901	3
1902	3
1903	3
1904	3
1905	3
1906	3
1907	3
1908	3
1909	3
1910	3
1911	3
1912	3
1913	3
0	0
1	0
2	0
3	0
4	0
5	0
6	0
7	0
8	0
9	0
10	0
11	0
12	0
13	0
14	0
15	0
16	0
17	0
18	0
19	0
20	0
21	0
22	0
23	0
24	0
25	0
26	0
27	0
28	0
29	0
30	0
31	0
32	0
33	0
34	0
35	0
36	0
37	0
38	0
39	0
40	0
41	0
42	0
43	0
44	0
45	0
46	0
47	0
48	0
49	0
50	0
51	0
52	0
53	0
54	0
55	0
56	0
57	0
58	0
59	0
60	0
61	0
62	0
63	0
64	0
65	0
66	0
67	0
68	0
69	0
70	0
71	0
72	0
73	0
74	0
75	0
76	0
77	0
78	0
79	0
80	0
81	0
82	0
83	0
84	0
85	0
86	0
87	0
88	0
89	0
90	0
91	0
92	0
93	0
94	0
95	0
96	0
97	0
98	0
99	0
100	0
101	0
102	0
103	0
104	0
105	0
106	0
107	0
108	0
109	0
110	0
111	0
112	0
113	0
114	0
115	0
116	0
117	0
118	0
119	0
120	0
121	0
122	0
123	0
124	0
125	0
126	0
127	0
128	0
129	0
130	0
131	0
132	0
133	0
134	0
135	0
136	0
137	0
138	0
139	0
140	0
141	0
142	0
143	0
144	0
145	0
146	0
147	0
148	0
149	0
150	0
151	0
152	0
153	0
154	0
155	0
156	0
157	0
158	0
159	0
160	0
161	0
162	0
163	0
164	0
165	0
166	0
167	0
168	0
169	0
170	0
171	0
172	0
173	0
174	0
175	0
176	0
177	0
178	0
179	0
180	0
181	0
182	0
183	0
184	0
185	0
186	0
187	0
188	0
189	0
190	0
191	0
192	0
193	0
194	0
195	0
196	0
197	0
198	0
199	0
200	0
201	0
202	0
203	0
204	0
205	0
206	0
207	0
208	0
209	0
210	0
211	0
212	0
213	0
214	0
215	0
216	0
217	0
218	0
219	0
220	0
221	0
222	0
223	0
224	0
225	0
226	0
227	0
228	0
229	0
230	0
231	0
232	0
233	0
234	0
235	0
236	0
237	0
238	0
239	0
240	0
241	0
242	0
243	0
244	0
245	0
246	0
247	0
248	0
249	0
250	0
251	0
252	0
253	0
254	0
255	0
256	1
257	1
258	1
259	1
260	1
261	1
262	1
263	1
264	1
265	1
266	1
267	1
268	1
269	1
270	1
271	1
272	1
273	1
274	1
275	1
276	1
277	1
278	1
279	1
280	1
281	1
282	1
283	1
284	1
285	1
286	1
287	1
288	1
289	1
290	1
291	1
292	1
293	1
294	1
295	1
296	1
297	1
298	1
299	1
300	1
301	1
302	1
303	1
304	1
305	1
306	1
307	1
308	1
309	1
310	1
311	1
312	1
313	1
314	1
315	1
316	1
317	1
318	1
319	1
320	1
321	1
322	1
323	1
324	1
325	1
326	1
327	1
328	1
329	1
330	1
331	1
332	1
333	1
334	1
335	1
336	1
337	1
338	1
339	1
340	1
341	1
342	1
343	1
344	1
345	1
346	1
347	1
348	1
349	1
350	1
351	1
352	1
353	1
354	1
355	1
356	1
357	1
358	1
359	1
360	1
361	1
362	1
363	1
364	1
365	1
366	1
367	1
368	1
369	1
370	1
371	1
372	1
373	1
374	1
375	1
376	1
377	1
378	1
379	1
380	1
381	1
382	1
383	1
384	1
385	1
386	1
387	1
388	1
389	1
390	1
391	1
392	1
393	1
394	1
395	1
396	1
397	1
398	1
399	1
400	1
401	1
402	1
403	1
404	1
405	1
406	1
407	1
408	1
409	1
410	1
411	1
412	1
413	1
414	1
415	1
416	1
417	1
418	1
419	1
420	1
421	1
422	1
423	1
424	1
425	1
426	1
427	1
428	1
429	1
430	1
431	1
432	1
433	1
434	1
435	1
436	1
437	1
438	1
439	1
440	1
441	1
442	1
443	1
444	1
445	1
446	1
447	1
448	1
449	1
450	1
451	1
452	1
453	1
454	1
455	1
456	1
457	1
458	1
459	1
460	1
461	1
462	1
463	1
464	1
465	1
466	1
467	1
468	1
469	1
470	1
471	1
472	1
473	1
474	1
475	1
476	1
477	1
478	1
479	1
480	1
481	1
482	1
483	1
484	1
485	1
486	1
487	1
488	1
489	1
490	1
491	1
492	1
493	1
494	1
495	1
496	1
497	1
498	1
499	1
500	1
501	1
502	1
503	1
504	1
505	1
506	1
507	1
508	1
509	1
510	1
511	1
512	2
513	2
514	2
515	2
516	2
517	2
518	2
519	2
520	2
521	2
522	2
523	2
524	2
525	2
526	2
527	2
528	2
529	2
530	2
531	2
532	2
533	2
534	2
535	2
536	2
537	2
538	2
539	2
540	2
541	2
542	2
543	2
544	2
545	2
546	2
547	2
548	2
549	2
550	2
551	2
552	2
553	2
554	2
555	2
556	2
557	2
558	2
559	2
560	2
561	2
562	2
563	2
564	2
565	2
566	2
567	2
568	2
569	2
570	2
571	2
572	2
573	2
574	2
575	2
576	2
577	2
578	2
579	2
580	2
581	2
582	2
583	2
584	2
585	2
586	2
587	2
588	2
589	2
590	2
591	2
592	2
593	2
594	2
595	2
596	2
597	2
598	2
599	2
600	2
601	2
602	2
603	2
604	2
605	2
606	2
607	2
608	2
609	2
610	2
611	2
612	2
613	2
614	2
615	2
616	2
617	2
618	2
619	2
620	2
621	2
622	2
623	2
624	2
625	2
626	2
627	2
628	2
629	2
630	2
631	2
632	2
633	2
634	2
635	2
636	2
637	2
638	2
639	2
640	2
641	2
642	2
643	2
644	2
645	2
646	2
647	2
648	2
649	2
650	2
651	2
652	2
653	2
654	2
655	2
656	2
657	2
658	2
659	2
660	2
661	2
662	2
663	2
664	2
665	2
666	2
667	2
668	2
669	2
670	2
671	2
672	2
673	2
674	2
675	2
676	2
677	2
678	2
679	2
680	2
681	2
682	2
683	2
684	2
685	2
686	2
687	2
688	2
689	2
690	2
691	2
692	2
693	2
694	2
695	2
696	2
697	2
698	2
699	2
700	2
701	2
702	2
703	2
704	2
705	2
706	2
707	2
708	2
709	2
710	2
711	2
712	2
713	2
714	2
715	2
716	2
717	2
718	2
719	2
720	2
721	2
722	2
723	2
724	2
725	2
726	2
727	2
728	2
729	2
730	2
731	2
732	2
733	2
734	2
735	2
736	2
737	2
738	2
739	2
740	2
741	2
742	2
743	2
744	2
745	2
746	2
747	2
748	2
749	2
750	2
751	2
752	2
753	2
754	2
755	2
756	2
757	2
758	2
759	2
760	2
761	2
762	2
763	2
764	2
765	2
766	2
767	2
768	3
769	3
770	3
771	3
772	3
773	3
774	3
775	3
776	3
777	3
778	3
779	3
780	3
781	3
782	3
783	3
784	3
785	3
786	3
787	3
788	3
789	3
790	3
791	3
792	3
793	3
794	3
795	3
796	3
797	3
798	3
799	3
800	3
801	3
802	3
803	3
804	3
805	3
806	3
807	3
808	3
809	3
810	3
811	3
812	3
813	3
814	3
815	3
816	3
817	3
818	3
819	3
820	3
821	3
822	3
823	3
824	3
825	3
826	3
827	3
828	3
829	3
830	3
831	3
832	3
833	3
834	3
835	3
836	3
837	3
838	3
839	3
840	3
841	3
842	3
843	3
844	3
845	3
846	3
847	3
848	3
849	3
850	3
851	3
852	3
853	3
854	3
855	3
856	3
857	3
858	3
859	3
860	3
861	3
862	3
863	3
864	3
865	3
866	3
867	3
868	3
869	3
870	3
871	3
872	3
873	3
874	3
875	3
876	3
877	3
878	3
879	3
880	3
881	3
882	3
883	3
884	3
885	3
886	3
887	3
888	3
889	3
890	3
891	3
892	3
893	3
894	3
895	3
896	3
897	3
898	3
899	3
900	3
901	3
902	3
903	3
904	3
905	3
906	3
907	3
908	3
909	3
910	3
911	3
912	3
913	3
914	3
915	3
916	3
917	3
918	3
919	3
920	3
921	3
922	3
923	3
924	3
925	3
926	3
927	3
928	3
929	3
930	3
931	3
932	3
933	3
934	3
935	3
936	3
937	3
938	3
939	3
940	3
941	3
942	3
943	3
944	3
945	3
946	3
947	3
948	3
949	3
950	3
951	3
952	3
953	3
954	3
955	3
956	3
957	3
958	3
959	3
960	3
961	3
962	3
963	3
964	3
965	3
966	3
967	3
968	3
969	3
970	3
971	3
972	3
973	3
974	3
975	3
976	3
977	3
978	3
979	3
980	3
981	3
982	3
983	3
984	3
985	3
986	3
987	3
988	3
989	3
990	3
991	3
992	3
993	3
994	3
995	3
996	3
997	3
998	3
999	3
1000	3
1001	3
1002	3
1003	3
1004	3
1005	3
1006	3
1007	3
1008	3
1009	3
1010	3
1011	3
1012	3
1013	3
1014	3
1015	3
1016	3
1017	3
1018	3
1019	3
1020	3
1021	3
1022	3
1023	3
1024	0
1025	0
1026	0
1027	0
1028	0
1029	0
1030	0
1031	0
1032	0
1033	0
1034	0
1035	0
1036	0
1037	0
1038	0
1039	0
1040	0
1041	0
1042	0
1043	0
1044	0
1045	0
1046	0
1047	0
1048	0
1049	0
1050	0
1051	0
1052	0
1053	0
1054	0
1055	0
1056	0
1057	0
1058	0
1059	0
1060	0
1061	0
1062	0
1063	0
1064	0
1065	0
1066	0
1067	0
1068	0
1069	0
1070	0
1071	0
1072	0
1073	0
1074	0
1075	0
1076	0
1077	0
1078	0
1079	0
1080	0
1081	0
1082	0
1083	0
1084	0
1085	0
1086	0
1087	0
1088	0
1089	0
1090	0
1091	0
1092	0
1093	0
1094	0
1095	0
1096	0
1097	0
1098	0
1099	0
1100	0
1101	0
1102	0
1103	0
1104	0
1105	0
1106	0
1107	0
1108	0
1109	0
1110	0
1111	0
1112	0
1113	0
1114	0
1115	0
1116	0
1117	0
1118	0
1119	0
1120	0
1121	0
1122	0
1123	0
1124	0
1125	0
1126	0
1127	0
1128	0
1129	0
1130	0
1131	0
1132	0
1133	0
1134	0
1135	0
1136	0
1137	0
1138	0
1139	0
1140	0
1141	0
1142	0
1143	0
1144	0
1145	0
1146	0
1147	0
1148	0
1149	0
1150	0
1151	0
1152	0
1153	0
1154	0
1155	0
1156	0
1157	0
1158	0
1159	0
1160	0
1161	0
1162	0
1163	0
1164	0
1165	0
1166	0
1167	0
1168	0
1169	0
1170	0
1171	0
1172	0
1173	0
1174	0
1175	0
1176	0
1177	0
1178	0
1179	0
1180	0
1181	0
1182	0
1183	0
1184	0
1185	0
1186	0
1187	0
1188	0
1189	0
1190	0
1191	0
1192	0
1193	0
1194	0
1195	0
1196	0
1197	0
1198	0
1199	0
1200	0
1201	0
1202	0
1203	0
1204	0
1205	0
1206	0
1207	0
1208	0
1209	0
1210	0
1211	0
1212	0
1213	0
1214	0
1215	0
1216	0
1217	0
1218	0
1219	0
1220	0
1221	0
1222	0
1223	0
1224	0
1225	0
1226	0
1227	0
1228	0
1229	0
1230	0
1231	0
1232	0
1233	0
1234	0
1235	0
1236	0
1237	0
1238	0
1239	0
1240	0
1241	0
1242	0
1243	0
1244	0
1245	0
1246	0
1247	0
1248	0
1249	0
1250	0
1251	0
1252	0
1253	0
1254	0
1255	0
1256	0
1257	0
1258	0
1259	0
1260	0
1261	0
1262	0
1263	0
1264	0
1265	0
1266	0
1267	0
1268	0
1269	0
1270	0
1271	0
1272	0
1273	0
1274	0
1275	0
1276	0
1277	0
1278	0
1279	0
1280	1
1281	1
1282	1
1283	1
1284	1
1285	1
1286	1
1287	1
1288	1
1289	1
1290	1
1291	1
1292	1
1293	1
1294	1
1295	1
1296	1
1297	1
1298	1
1299	1
1300	1
1301	1
1302	1
1303	1
1304	1
1305	1
1306	1
1307	1
1308	1
1309	1
1310	1
1311	1
1312	1
1313	1
1314	1
1315	1
1316	1
1317	1
1318	1
1319	1
1320	1
1321	1
1322	1
1323	1
1324	1
1325	1
1326	1
1327	1
1328	1
1329	1
1330	1
1331	1
1332	1
1333	1
1334	1
1335	1
1336	1
1337	1
1338	1
1339	1
1340	1
1341	1
1342	1
1343	1
1344	1
1345	1
1346	1
1347	1
1348	1
1349	1
1350	1
1351	1
1352	1
1353	1
1354	1
1355	1
1356	1
1357	1
1358	1
1359	1
1360	1
1361	1
1362	1
1363	1
1364	1
1365	1
1366	1
1367	1
1368	1
1369	1
1370	1
1371	1
1372	1
1373	1
1374	1
1375	1
1376	1
1377	1
1378	1
1379	1
1380	1
1381	1
1382	1
1383	1
1384	1
1385	1
1386	1
1387	1
1388	1
1389	1
1390	1
1391	1
1392	1
1393	1
1394	1
1395	1
1396	1
1397	1
1398	1
1399	1
1400	1
1401	1
1402	1
1403	1
1404	1
1405	1
1406	1
1407	1
1408	1
1409	1
1410	1
1411	1
1412	1
1413	1
1414	1
1415	1
1416	1
1417	1
1418	1
1419	1
1420	1
1421	1
1422	1
1423	1
1424	1
1425	1
1426	1
1427	1
1428	1
1429	1
1430	1
1431	1
1432	1
1433	1
1434	1
1435	1
1436	1
1437	1
1438	1
1439	1
1440	1
1441	1
1442	1
1443	1
1444	1
1445	1
1446	1
1447	1
1448	1
1449	1
1450	1
1451	1
1452	1
1453	1
1454	1
1455	1
1456	1
1457	1
1458	1
1459	1
1460	1
1461	1
1462	1
1463	1
1464	1
1465	1
1466	1
1467	1
1468	1
1469	1
1470	1
1471	1
1472	1
1473	1
1474	1
1475	1
1476	1
1477	1
1478	1
1479	1
1480	1
1481	1
1482	1
1483	1
1484	1
1485	1
1486	1
1487	1
1488	1
1489	1
1490	1
1491	1
1492	1
1493	1
1494	1
1495	1
1496	1
1497	1
1498	1
1499	1
1500	1
1501	1
1502	1
1503	1
1504	1
1505	1
1506	1
1507	1
1508	1
1509	1
1510	1
1511	1
1512	1
1513	1
1514	1
1515	1
1516	1
1517	1
1518	1
1519	1
1520	1
1521	1
1522	1
1523	1
1524	1
1525	1
1526	1
1527	1
1528	1
1529	1
1530	1
1531	1
1532	1
1533	1
1534	1
1535	1
1536	2
1537	2
1538	2
1539	2
1540	2
1541	2
1542	2
1543	2
1544	2
1545	2
1546	2
1547	2
1548	2
1549	2
1550	2
1551	2
1552	2
1553	2
1554	2
1555	2
1556	2
1557	2
1558	2
1559	2
1560	2
1561	2
1562	2
1563	2
1564	2
1565	2
1566	2
1567	2
1568	2
1569	2
1570	2
1571	2
1572	2
1573	2
1574	2
1575	2
1576	2
1577	2
1578	2
1579	2
1580	2
1581	2
1582	2
1583	2
1584	2
1585	2
1586	2
1587	2
1588	2
1589	2
1590	2
1591	2
1592	2
1593	2
1594	2
1595	2
1596	2
1597	2
1598	2
1599	2
1600	2
1601	2
1602	2
1603	2
1604	2
1605	2
1606	2
1607	2
1608	2
1609	2
1610	2
1611	2
1612	2
1613	2
1614	2
1615	2
1616	2
1617	2
1618	2
1619	2
1620	2
1621	2
1622	2
1623	2
1624	2
1625	2
1626	2
1627	2
1628	2
1629	2
1630	2
1631	2
1632	2
1633	2
1634	2
1635	2
1636	2
1637	2
1638	2
1639	2
1640	2
1641	2
1642	2
1643	2
1644	2
1645	2
1646	2
1647	2
1648	2
1649	2
1650	2
1651	2
1652	2
1653	2
1654	2
1655	2
1656	2
1657	2
1658	2
1659	2
1660	2
1661	2
1662	2
1663	2
1664	2
1665	2
1666	2
1667	2
1668	2
1669	2
1670	2
1671	2
1672	2
1673	2
1674	2
1675	2
1676	2
1677	2
1678	2
1679	2
1680	2
1681	2
1682	2
1683	2
1684	2
1685	2
1686	2
1687	2
1688	2
1689	2
1690	2
1691	2
1692	2
1693	2
1694	2
1695	2
1696	2
1697	2
1698	2
1699	2
1700	2
1701	2
1702	2
1703	2
1704	2
1705	2
1706	2
1707	2
1708	2
1709	2
1710	2
1711	2
1712	2
1713	2
1714	2
1715	2
1716	2
1717	2
1718	2
1719	2
1720	2
1721	2
1722	2
1723	2
1724	2
1725	2
1726	2
1727	2
1728	2
1729	2
1730	2
1731	2
1732	2
1733	2
1734	2
1735	2
1736	2
1737	2
1738	2
1739	2
1740	2
1741	2
1742	2
1743	2
1744	2
1745	2
1746	2
1747	2
1748	2
1749	2
1750	2
1751	2
1752	2
1753	2
1754	2
1755	2
1756	2
1757	2
1758	2
1759	2
1760	2
1761	2
1762	2
1763	2
1764	2
1765	2
1766	2
1767	2
1768	2
1769	2
1770	2
1771	2
1772	2
1773	2
1774	2
1775	2
1776	2
1777	2
1778	2
1779	2
1780	2
1781	2
1782	2
1783	2
1784	2
1785	2
1786	2
1787	2
1788	2
1789	2
1790	2
1791	2
1792	3
1793	3
1794	3
1795	3
1796	3
1797	3
1798	3
1799	3
1800	3
1801	3
1802	3
1803	3
1804	3
1805	3
1806	3
1807	3
1808	3
1809	3
1810	3
1811	3
1812	3
1813	3
1814	3
1815	3
1816	3
1817	3
1818	3
1819	3
1820	3
1821	3
1822	3
1823	3
1824	3
1825	3
1826	3
1827	3
1828	3
1829	3
1830	3
1831	3
1832	3
1833	3
1834	3
1835	3
1836	3
1837	3
1838	3
1839	3
1840	3
1841	3
1842	3
1843	3
1844	3
1845	3
1846	3
1847	3
1848	3
1849	3
1850	3
1851	3
1852	3
1853	3
1854	3
1855	3
1856	3
1857	3
1858	3
1859	3
1860	3
1861	3
1862	3
1863	3
1864	3
1865	3
1866	3
1867	3
1868	3
1869	3
1870	3
1871	3
1872	3
1873	3
1874	3
1875	3
1876	3
1877	3
1878	3
1879	3
1880	3
1881	3
1882	3
1883	3
1884	3
1885	3
1886	3
1887	3
1888	3
1889	3
1890	3
1891	3
1892	3
1893	3
1894	3
1895	3
1896	3
1897	3
1898	3
1899	3
1900	3
1901	3
1902	3
1903	3
1904	3
1905	3
1906	3
1907	3
1908	3
1909	3
1910	3
1911	3
1912	3
1913	3
0	0
1	0
2	0
3	0
4	0
5	0
6	0
7	0
8	0
9	0
10	0
11	0
12	0
13	0
14	0
15	0
16	0
17	0
18	0
19	0
20	0
21	0
22	0
23	0
24	0
25	0
26	0
27	0
28	0
29	0
30	0
31	0
32	0
33	0
34	0
35	0
36	0
37	0
38	0
39	0
40	0
41	0
42	0
43	0
44	0
45	0
46	0
47	0
48	0
49	0
50	0
51	0
52	0
53	0
54	0
55	0
56	0
57	0
58	0
59	0
60	0
61	0
62	0
63	0
64	0
65	0
66	0
67	0
68	0
69	0
70	0
71	0
72	0
73	0
74	0
75	0
76	0
77	0
78	0
79	0
80	0
81	0
82	0
83	0
84	0
85	0
86	0
87	0
88	0
89	0
90	0
91	0
92	0
93	0
94	0
95	0
96	0
97	0
98	0
99	0
100	0
101	0
102	0
103	0
104	0
105	0
106	0
107	0
108	0
109	0
110	0
111	0
112	0
113	0
114	0
115	0
116	0
117	0
118	0
119	0
120	0
121	0
122	0
123	0
124	0
125	0
126	0
127	0
128	0
129	0
130	0
131	0
132	0
133	0
134	0
135	0
136	0
137	0
138	0
139	0
140	0
141	0
142	0
143	0
144	0
145	0
146	0
147	0
148	0
149	0
150	0
151	0
152	0
153	0
154	0
155	0
156	0
157	0
158	0
159	0
160	0
161	0
162	0
163	0
164	0
165	0
166	0
167	0
168	0
169	0
170	0
171	0
172	0
173	0
174	0
175	0
176	0
177	0
178	0
179	0
180	0
181	0
182	0
183	0
184	0
185	0
186	0
187	0
188	0
189	0
190	0
191	0
192	0
193	0
194	0
195	0
196	0
197	0
198	0
199	0
200	0
201	0
202	0
203	0
204	0
205	0
206	0
207	0
208	0
209	0
210	0
211	0
212	0
213	0
214	0
215	0
216	0
217	0
218	0
219	0
220	0
221	0
222	0
223	0
224	0
225	0
226	0
227	0
228	0
229	0
230	0
231	0
232	0
233	0
234	0
235	0
236	0
237	0
238	0
239	0
240	0
241	0
242	0
243	0
244	0
245	0
246	0
247	0
248	0
249	0
250	0
251	0
252	0
253	0
254	0
255	0
256	1
257	1
258	1
259	1
260	1
261	1
262	1
263	1
264	1
265	1
266	1
267	1
268	1
269	1
270	1
271	1
272	1
273	1
274	1
275	1
276	1
277	1
278	1
279	1
280	1
281	1
282	1
283	1
284	1
285	1
286	1
287	1
288	1
289	1
290	1
291	1
292	1
293	1
294	1
295	1
296	1
297	1
298	1
299	1
300	1
301	1
302	1
303	1
304	1
305	1
306	1
307	1
308	1
309	1
310	1
311	1
312	1
313	1
314	1
315	1
316	1
317	1
318	1
319	1
320	1
321	1
322	1
323	1
324	1
325	1
326	1
327	1
328	1
329	1
330	1
331	1
332	1
333	1
334	1
335	1
336	1
337	1
338	1
339	1
340	1
341	1
342	1
343	1
344	1
345	1
346	1
347	1
348	1
349	1
350	1
351	1
352	1
353	1
354	1
355	1
356	1
357	1
358	1
359	1
360	1
361	1
362	1
363	1
364	1
365	1
366	1
367	1
368	1
369	1
370	1
371	1
372	1
373	1
374	1
375	1
376	1
377	1
378	1
379	1
380	1
381	1
382	1
383	1
384	1
385	1
386	1
387	1
388	1
389	1
390	1
391	1
392	1
393	1
394	1
395	1
396	1
397	1
398	1
399	1
400	1
401	1
402	1
403	1
404	1
405	1
406	1
407	1
408	1
409	1
410	1
411	1
412	1
413	1
414	1
415	1
416	1
417	1
418	1
419	1
420	1
421	1
422	1
423	1
424	1
425	1
426	1
427	1
428	1
429	1
430	1
431	1
432	1
433	1
434	1
435	1
436	1
437	1
438	1
439	1
440	1
441	1
442	1
443	1
444	1
445	1
446	1
447	1
448	1
449	1
450	1
451	1
452	1
453	1
454	1
455	1
456	1
457	1
458	1
459	1
460	1
461	1
462	1
463	1
464	1
465	1
466	1
467	1
468	1
469	1
470	1
471	1
472	1
473	1
474	1
475	1
476	1
477	1
478	1
479	1
480	1
481	1
482	1
483	1
484	1
485	1
486	1
487	1
488	1
489	1
490	1
491	1
492	1
493	1
494	1
495	1
496	1
497	1
498	1
499	1
500	1
501	1
502	1
503	1
504	1
505	1
506	1
507	1
508	1
509	1
510	1
511	1
512	2
513	2
514	2
515	2
516	2
517	2
518	2
519	2
520	2
521	2
522	2
523	2
524	2
525	2
526	2
527	2
528	2
529	2
530	2
531	2
532	2
533	2
534	2
535	2
536	2
537	2
538	2
539	2
540	2
541	2
542	2
543	2
544	2
545	2
546	2
547	2
548	2
549	2
550	2
551	2
552	2
553	2
554	2
555	2
556	2
557	2
558	2
559	2
560	2
561	2
562	2
563	2
564	2
565	2
566	2
567	2
568	2
569	2
570	2
571	2
572	2
573	2
574	2
575	2
576	2
577	2
578	2
579	2
580	2
581	2
582	2
583	2
584	2
585	2
586	2
587	2
588	2
589	2
590	2
591	2
592	2
593	2
594	2
595	2
596	2
597	2
598	2
599	2
600	2
601	2
602	2
603	2
604	2
605	2
606	2
607	2
608	2
609	2
610	2
611	2
612	2
613	2
614	2
615	2
616	2
617	2
618	2
619	2
620	2
621	2
622	2
623	2
624	2
625	2
626	2
627	2
628	2
629	2
630	2
631	2
632	2
633	2
634	2
635	2
636	2
637	2
638	2
639	2
640	2
641	2
642	2
643	2
644	2
645	2
646	2
647	2
648	2
649	2
650	2
651	2
652	2
653	2
654	2
655	2
656	2
657	2
658	2
659	2
660	2
661	2
662	2
663	2
664	2
665	2
666	2
667	2
668	2
669	2
670	2
671	2
672	2
673	2
674	2
675	2
676	2
677	2
678	2
679	2
680	2
681	2
682	2
683	2
684	2
685	2
686	2
687	2
688	2
689	2
690	2
691	2
692	2
693	2
694	2
695	2
696	2
697	2
698	2
699	2
700	2
701	2
702	2
703	2
704	2
705	2
706	2
707	2
708	2
709	2
710	2
711	2
712	2
713	2
714	2
715	2
716	2
717	2
718	2
719	2
720	2
721	2
722	2
723	2
724	2
725	2
726	2
727	2
728	2
729	2
730	2
731	2
732	2
733	2
734	2
735	2
736	2
737	2
738	2
739	2
740	2
741	2
742	2
743	2
744	2
745	2
746	2
747	2
748	2
749	2
750	2
751	2
752	2
753	2
754	2
755	2
756	2
757	2
758	2
759	2
760	2
761	2
762	2
763	2
764	2
765	2
766	2
767	2
768	3
769	3
770	3
771	3
772	3
773	3
774	3
775	3
776	3
777	3
778	3
779	3
780	3
781	3
782	3
783	3
784	3
785	3
786	3
787	3
788	3
789	3
790	3
791	3
792	3
793	3
794	3
795	3
796	3
797	3
798	3
799	3
800	3
801	3
802	3
803	3
804	3
805	3
806	3
807	3
808	3
809	3
810	3
811	3
812	3
813	3
814	3
815	3
816	3
817	3
818	3
819	3
820	3
821	3
822	3
823	3
824	3
825	3
826	3
827	3
828	3
829	3
830	3
831	3
832	3
833	3
834	3
835	3
836	3
837	3
838	3
839	3
840	3
841	3
842	3
843	3
844	3
845	3
846	3
847	3
848	3
849	3
850	3
851	3
852	3
853	3
854	3
855	3
856	3
857	3
858	3
859	3
860	3
861	3
862	3
863	3
864	3
865	3
866	3
867	3
868	3
869	3
870	3
871	3
872	3
873	3
874	3
875	3
876	3
877	3
878	3
879	3
880	3
881	3
882	3
883	3
884	3
885	3
886	3
887	3
888	3
889	3
890	3
891	3
892	3
893	3
894	3
895	3
896	3
897	3
898	3
899	3
900	3
901	3
902	3
903	3
904	3
905	3
906	3
907	3
908	3
909	3
910	3
911	3
912	3
913	3
914	3
915	3
916	3
917	3
918	3
919	3
920	3
921	3
922	3
923	3
924	3
925	3
926	3
927	3
928	3
929	3
930	3
931	3
932	3
933	3
934	3
935	3
936	3
937	3
938	3
939	3
940	3
941	3
942	3
943	3
944	3
945	3
946	3
947	3
948	3
949	3
950	3
951	3
952	3
953	3
954	3
955	3
956	3
957	3
958	3
959	3
960	3
961	3
962	3
963	3
964	3
965	3
966	3
967	3
968	3
969	3
970	3
971	3
972	3
973	3
974	3
975	3
976	3
977	3
978	3
979	3
980	3
981	3
982	3
983	3
984	3
985	3
986	3
987	3
988	3
989	3
990	3
991	3
992	3
993	3
994	3
995	3
996	3
997	3
998	3
999	3
1000	3
1001	3
1002	3
1003	3
1004	3
1005	3
1006	3
1007	3
1008	3
1009	3
1010	3
1011	3
1012	3
1013	3
1014	3
1015	3
1016	3
1017	3
1018	3
1019	3
1020	3
1021	3
1022	3
1023	3
1024	0
1025	0
1026	0
1027	0
1028	0
1029	0
1030	0
1031	0
1032	0
1033	0
1034	0
1035	0
1036	0
1037	0
1038	0
1039	0
1040	0
1041	0
1042	0
1043	0
1044	0
1045	0
1046	0
1047	0
1048	0
1049	0
1050	0
1051	0
1052	0
1053	0
1054	0
1055	0
1056	0
1057	0
1058	0
1059	0
1060	0
1061	0
1062	0
1063	0
1064	0
1065	0
1066	0
1067	0
1068	0
1069	0
1070	0
1071	0
1072	0
1073	0
1074	0
1075	0
1076	0
1077	0
1078	0
1079	0
1080	0
1081	0
1082	0
1083	0
1084	0
1085	0
1086	0
1087	0
1088	0
1089	0
1090	0
1091	0
1092	0
1093	0
1094	0
1095	0
1096	0
1097	0
1098	0
1099	0
1100	0
1101	0
1102	0
1103	0
1104	0
1105	0
1106	0
1107	0
1108	0
1109	0
1110	0
1111	0
1112	0
1113	0
1114	0
1115	0
1116	0
1117	0
1118	0
1119	0
1120	0
1121	0
1122	0
1123	0
1124	0
1125	0
1126	0
1127	0
1128	0
1129	0
1130	0
1131	0
1132	0
1133	0
1134	0
1135	0
1136	0
1137	0
1138	0
1139	0
1140	0
1141	0
1142	0
1143	0
1144	0
1145	0
1146	0
1147	0
1148	0
1149	0
1150	0
1151	0
1152	0
1153	0
1154	0
1155	0
1156	0
1157	0
1158	0
1159	0
1160	0
1161	0
1162	0
1163	0
1164	0
1165	0
1166	0
1167	0
1168	0
1169	0
1170	0
1171	0
1172	0
1173	0
1174	0
1175	0
1176	0
1177	0
1178	0
1179	0
1180	0
1181	0
1182	0
1183	0
1184	0
1185	0
1186	0
1187	0
1188	0
1189	0
1190	0
1191	0
1192	0
1193	0
1194	0
1195	0
1196	0
1197	0
1198	0
1199	0
1200	0
1201	0
1202	0
1203	0
1204	0
1205	0
1206	0
1207	0
1208	0
1209	0
1210	0
1211	0
1212	0
1213	0
1214	0
1215	0
1216	0
1217	0
1218	0
1219	0
1220	0
1221	0
1222	0
1223	0
1224	0
1225	0
1226	0
1227	0
1228	0
1229	0
1230	0
1231	0
1232	0
1233	0
1234	0
1235	0
1236	0
1237	0
1238	0
1239	0
1240	0
1241	0
1242	0
1243	0
1244	0
1245	0
1246	0
1247	0
1248	0
1249	0
1250	0
1251	0
1252	0
1253	0
1254	0
1255	0
1256	0
1257	0
1258	0
1259	0
1260	0
1261	0
1262	0
1263	0
1264	0
1265	0
1266	0
1267	0
1268	0
1269	0
1270	0
1271	0
1272	0
1273	0
1274	0
1275	0
1276	0
1277	0
1278	0
1279	0
1280	1
1281	1
1282	1
1283	1
1284	1
1285	1
1286	1
1287	1
1288	1
1289	1
1290	1
1291	1
1292	1
1293	1
1294	1
1295	1
1296	1
1297	1
1298	1
1299	1
1300	1
1301	1
1302	1
1303	1
1304	1
1305	1
1306	1
1307	1
1308	1
1309	1
1310	1
1311	1
1312	1
1313	1
1314	1
1315	1
1316	1
1317	1
1318	1
1319	1
1320	1
1321	1
1322	1
1323	1
1324	1
1325	1
1326	1
1327	1
1328	1
1329	1
1330	1
1331	1
1332	1
1333	1
1334	1
1335	1
1336	1
1337	1
1338	1
1339	1
1340	1
1341	1
1342	1
1343	1
1344	1
1345	1
1346	1
1347	1
1348	1
1349	1
1350	1
1351	1
1352	1
1353	1
1354	1
1355	1
1356	1
1357	1
1358	1
1359	1
1360	1
1361	1
1362	1
1363	1
1364	1
1365	1
1366	1
1367	1
1368	1
1369	1
1370	1
1371	1
1372	1
1373	1
1374	1
1375	1
1376	1
1377	1
1378	1
1379	1
1380	1
1381	1
1382	1
1383	1
1384	1
1385	1
1386	1
1387	1
1388	1
1389	1
1390	1
1391	1
1392	1
1393	1
1394	1
1395	1
1396	1
1397	1
1398	1
1399	1
1400	1
1401	1
1402	1
1403	1
1404	1
1405	1
1406	1
1407	1
1408	1
1409	1
1410	1
1411	1
1412	1
1413	1
1414	1
1415	1
1416	1
1417	1
1418	1
1419	1
1420	1
1421	1
1422	1
1423	1
1424	1
1425	1
1426	1
1427	1
1428	1
1429	1
1430	1
1431	1
1432	1
1433	1
1434	1
1435	1
1436	1
1437	1
1438	1
1439	1
1440	1
1441	1
1442	1
1443	1
1444	1
1445	1
1446	1
1447	1
1448	1
1449	1
1450	1
1451	1
1452	1
1453	1
1454	1
1455	1
1456	1
1457	1
1458	1
1459	1
1460	1
1461	1
1462	1
1463	1
1464	1
1465	1
1466	1
1467	1
1468	1
1469	1
1470	1
1471	1
1472	1
1473	1
1474	1
1475	1
1476	1
1477	1
1478	1
1479	1
1480	1
1481	1
1482	1
1483	1
1484	1
1485	1
1486	1
1487	1
1488	1
1489	1
1490	1
1491	1
1492	1
1493	1
1494	1
1495	1
1496	1
1497	1
1498	1
1499	1
1500	1
1501	1
1502	1
1503	1
1504	1
1505	1
1506	1
1507	1
1508	1
1509	1
1510	1
1511	1
1512	1
1513	1
1514	1
1515	1
1516	1
1517	1
1518	1
1519	1
1520	1
1521	1
1522	1
1523	1
1524	1
1525	1
1526	1
1527	1
1528	1
1529	1
1530	1
1531	1
1532	1
1533	1
1534	1
1535	1
1536	2
1537	2
1538	2
1539	2
1540	2
1541	2
1542	2
1543	2
1544	2
1545	2
1546	2
1547	2
1548	2
1549	2
1550	2
1551	2
1552	2
1553	2
1554	2
1555	2
1556	2
1557	2
1558	2
1559	2
1560	2
1561	2
1562	2
1563	2
1564	2
1565	2
1566	2
1567	2
1568	2
1569	2
1570	2
1571	2
1572	2
1573	2
1574	2
1575	2
1576	2
1577	2
1578	2
1579	2
1580	2
1581	2
1582	2
1583	2
1584	2
1585	2
1586	2
1587	2
1588	2
1589	2
1590	2
1591	2
1592	2
1593	2
1594	2
1595	2
1596	2
1597	2
1598	2
1599	2
1600	2
1601	2
1602	2
1603	2
1604	2
1605	2
1606	2
1607	2
1608	2
1609	2
1610	2
1611	2
1612	2
1613	2
1614	2
1615	2
1616	2
1617	2
1618	2
1619	2
1620	2
1621	2
1622	2
1623	2
1624	2
1625	2
1626	2
1627	2
1628	2
1629	2
1630	2
1631	2
1632	2
1633	2
1634	2
1635	2
1636	2
1637	2
1638	2
1639	2
1640	2
1641	2
1642	2
1643	2
1644	2
1645	2
1646	2
1647	2
1648	2
1649	2
1650	2
1651	2
1652	2
1653	2
1654	2
1655	2
1656	2
1657	2
1658	2
1659	2
1660	2
1661	2
1662	2
1663	2
1664	2
1665	2
1666	2
1667	2
1668	2
1669	2
1670	2
1671	2
1672	2
1673	2
1674	2
1675	2
1676	2
1677	2
1678	2
1679	2
1680	2
1681	2
1682	2
1683	2
1684	2
1685	2
1686	2
1687	2
1688	2
1689	2
1690	2
1691	2
1692	2
1693	2
1694	2
1695	2
1696	2
1697	2
1698	2
1699	2
1700	2
1701	2
1702	2
1703	2
1704	2
1705	2
1706	2
1707	2
1708	2
1709	2
1710	2
1711	2
1712	2
1713	2
1714	2
1715	2
1716	2
1717	2
1718	2
1719	2
1720	2
1721	2
1722	2
1723	2
1724	2
1725	2
1726	2
1727	2
1728	2
1729	2
1730	2
1731	2
1732	2
1733	2
1734	2
1735	2
1736	2
1737	2
1738	2
1739	2
1740	2
1741	2
1742	2
1743	2
1744	2
1745	2
1746	2
1747	2
1748	2
1749	2
1750	2
1751	2
1752	2
1753	2
1754	2
1755	2
1756	2
1757	2
1758	2
1759	2
1760	2
1761	2
1762	2
1763	2
1764	2
1765	2
1766	2
1767	2
1768	2
1769	2
1770	2
1771	2
1772	2
1773	2
1774	2
1775	2
1776	2
1777	2
1778	2
1779	2
1780	2
1781	2
1782	2
1783	2
1784	2
1785	2
1786	2
1787	2
1788	2
1789	2
1790	2
1791	2
1792	3
1793	3
1794	3
1795	3
1796	3
1797	3
1798	3
1799	3
1800	3
1801	3
1802	3
1803	3
1804	3
1805	3
1806	3
1807	3
1808	3
1809	3
1810	3
1811	3
1812	3
1813	3
1814	3
1815	3
1816	3
1817	3
1818	3
1819	3
1820	3
1821	3
1822	3
1823	3
1824	3
1825	3
1826	3
1827	3
1828	3
1829	3
1830	3
1831	3
1832	3
1833	3
1834	3
1835	3
1836	3
1837	3
1838	3
1839	3
1840	3
1841	3
1842	3
1843	3
1844	3
1845	3
1846	3
1847	3
1848	3
1849	3
1850	3
1851	3
1852	3
1853	3
1854	3
1855	3
1856	3
1857	3
1858	3
1859	3
1860	3
1861	3
1862	3
1863	3
1864	3
1865	3
1866	3
1867	3
1868	3
1869	3
1870	3
1871	3
1872	3
1873	3
1874	3
1875	3
1876	3
1877	3
1878	3
1879	3
1880	3
1881	3
1882	3
1883	3
1884	3
1885	3
1886	3
1887	3
1888	3
1889	3
1890	3
1891	3
1892	3
1893	3
1894	3
1895	3
1896	3
1897	3
1898	3
1899	3
1900	3
1901	3
1902	3
1903	3
1904	3
1905	3
1906	3
1907	3
1908	3
1909	3
1910	3
1911	3
1912	3
1913	3
0	0
1	0
2	0
3	0
4	0
5	0
6	0
7	0
8	0
9	0
10	0
11	0
12	0
13	0
14	0
15	0
16	0
17	0
18	0
19	0
20	0
21	0
22	0
23	0
24	0
25	0
26	0
27	0
28	0
29	0
30	0
31	0
32	0
33	0
34	0
35	0
36	0
37	0
38	0
39	0
40	0
41	0
42	0
43	0
44	0
45	0
46	0
47	0
48	0
49	0
50	0
51	0
52	0
53	0
54	0
55	0
56	0
57	0
58	0
59	0
60	0
61	0
62	0
63	0
64	0
65	0
66	0
67	0
68	0
69	0
70	0
71	0
72	0
73	0
74	0
75	0
76	0
77	0
78	0
79	0
80	0
81	0
82	0
83	0
84	0
85	0
86	0
87	0
88	0
89	0
90	0
91	0
92	0
93	0
94	0
95	0
96	0
97	0
98	0
99	0
100	0
101	0
102	0
103	0
104	0
105	0
106	0
107	0
108	0
109	0
110	0
111	0
112	0
113	0
114	0
115	0
116	0
117	0
118	0
119	0
120	0
121	0
122	0
123	0
124	0
125	0
126	0
127	0
128	0
129	0
130	0
131	0
132	0
133	0
134	0
135	0
136	0
137	0
138	0
139	0
140	0
141	0
142	0
143	0
144	0
145	0
146	0
147	0
148	0
149	0
150	0
151	0
152	0
153	0
154	0
155	0
156	0
157	0
158	0
159	0
160	0
161	0
162	0
163	0
164	0
165	0
166	0
167	0
168	0
169	0
170	0
171	0
172	0
173	0
174	0
175	0
176	0
177	0
178	0
179	0
180	0
181	0
182	0
183	0
184	0
185	0
186	0
187	0
188	0
189	0
190	0
191	0
192	0
193	0
194	0
195	0
196	0
197	0
198	0
199	0
200	0
201	0
202	0
203	0
204	0
205	0
206	0
207	0
208	0
209	0
210	0
211	0
212	0
213	0
214	0
215	0
216	0
217	0
218	0
219	0
220	0
221	0
222	0
223	0
224	0
225	0
226	0
227	0
228	0
229	0
230	0
231	0
232	0
233	0
234	0
235	0
236	0
237	0
238	0
239	0
240	0
241	0
242	0
243	0
244	0
245	0
246	0
247	0
248	0
249	0
250	0
251	0
252	0
253	0
254	0
255	0
256	1
257	1
258	1
259	1
260	1
261	1
262	1
263	1
264	1
265	1
266	1
267	1
268	1
269	1
270	1
271	1
272	1
273	1
274	1
275	1
276	1
277	1
278	1
279	1
280	1
281	1
282	1
283	1
284	1
285	1
286	1
287	1
288	1
289	1
290	1
291	1
292	1
293	1
294	1
295	1
296	1
297	1
298	1
299	1
300	1
301	1
302	1
303	1
304	1
305	1
306	1
307	1
308	1
309	1
310	1
311	1
312	1
313	1
314	1
315	1
316	1
317	1
318	1
319	1
320	1
321	1
322	1
323	1
324	1
325	1
326	1
327	1
328	1
329	1
330	1
331	1
332	1
333	1
334	1
335	1
336	1
337	1
338	1
339	1
340	1
341	1
342	1
343	1
344	1
345	1
346	1
347	1
348	1
349	1
350	1
351	1
352	1
353	1
354	1
355	1
356	1
357	1
358	1
359	1
360	1
361	1
362	1
363	1
364	1
365	1
366	1
367	1
368	1
369	1
370	1
371	1
372	1
373	1
374	1
375	1
376	1
377	1
378	1
379	1
380	1
381	1
382	1
383	1
384	1
385	1
386	1
387	1
388	1
389	1
390	1
391	1
392	1
393	1
394	1
395	1
396	1
397	1
398	1
399	1
400	1
401	1
402	1
403	1
404	1
405	1
406	1
407	1
408	1
409	1
410	1
411	1
412	1
413	1
414	1
415	1
416	1
417	1
418	1
419	1
420	1
421	1
422	1
423	1
424	1
425	1
426	1
427	1
428	1
429	1
430	1
431	1
432	1
433	1
434	1
435	1
436	1
437	1
438	1
439	1
440	1
441	1
442	1
443	1
444	1
445	1
446	1
447	1
448	1
449	1
450	1
451	1
452	1
453	1
454	1
455	1
456	1
457	1
458	1
459	1
460	1
461	1
462	1
463	1
464	1
465	1
466	1
467	1
468	1
469	1
470	1
471	1
472	1
473	1
474	1
475	1
476	1
477	1
478	1
479	1
480	1
481	1
482	1
483	1
484	1
485	1
486	1
487	1
488	1
489	1
490	1
491	1
492	1
493	1
494	1
495	1
496	1
497	1
498	1
499	1
500	1
501	1
502	1
503	1
504	1
505	1
506	1
507	1
508	1
509	1
510	1
511	1
512	2
513	2
514	2
515	2
516	2
517	2
518	2
519	2
520	2
521	2
522	2
523	2
524	2
525	2
526	2
527	2
528	2
529	2
530	2
531	2
532	2
533	2
534	2
535	2
536	2
537	2
538	2
539	2
540	2
541	2
542	2
543	2
544	2
545	2
546	2
547	2
548	2
549	2
550	2
551	2
552	2
553	2
554	2
555	2
556	2
557	2
558	2
559	2
560	2
561	2
562	2
563	2
564	2
565	2
566	2
567	2
568	2
569	2
570	2
571	2
572	2
573	2
574	2
575	2
576	2
577	2
578	2
579	2
580	2
581	2
582	2
583	2
584	2
585	2
586	2
587	2
588	2
589	2
590	2
591	2
592	2
593	2
594	2
595	2
596	2
597	2
598	2
599	2
600	2
601	2
602	2
603	2
604	2
605	2
606	2
607	2
608	2
609	2
610	2
611	2
612	2
613	2
614	2
615	2
616	2
617	2
618	2
619	2
620	2
621	2
622	2
623	2
624	2
625	2
626	2
627	2
628	2
629	2
630	2
631	2
632	2
633	2
634	2
635	2
636	2
637	2
638	2
639	2
640	2
641	2
642	2
643	2
644	2
645	2
646	2
647	2
648	2
649	2
650	2
651	2
652	2
653	2
654	2
655	2
656	2
657	2
658	2
659	2
660	2
661	2
662	2
663	2
664	2
665	2
666	2
667	2
668	2
669	2
670	2
671	2
672	2
673	2
674	2
675	2
676	2
677	2
678	2
679	2
680	2
681	2
682	2
683	2
684	2
685	2
686	2
687	2
688	2
689	2
690	2
691	2
692	2
693	2
694	2
695	2
696	2
697	2
698	2
699	2
700	2
701	2
702	2
703	2
704	2
705	2
706	2
707	2
708	2
709	2
710	2
711	2
712	2
713	2
714	2
715	2
716	2
717	2
718	2
719	2
720	2
721	2
722	2
723	2
724	2
725	2
726	2
727	2
728	2
729	2
730	2
731	2
732	2
733	2
734	2
735	2
736	2
737	2
738	2
739	2
740	2
741	2
742	2
743	2
744	2
745	2
746	2
747	2
748	2
749	2
750	2
751	2
752	2
753	2
754	2
755	2
756	2
757	2
758	2
759	2
760	2
761	2
762	2
763	2
764	2
765	2
766	2
767	2
768	3
769	3
770	3
771	3
772	3
773	3
774	3
775	3
776	3
777	3
778	3
779	3
780	3
781	3
782	3
783	3
784	3
785	3
786	3
787	3
788	3
789	3
790	3
791	3
792	3
793	3
794	3
795	3
796	3
797	3
798	3
799	3
800	3
801	3
802	3
803	3
804	3
805	3
806	3
807	3
808	3
809	3
810	3
811	3
812	3
813	3
814	3
815	3
816	3
817	3
818	3
819	3
820	3
821	3
822	3
823	3
824	3
825	3
826	3
827	3
828	3
829	3
830	3
831	3
832	3
833	3
834	3
835	3
836	3
837	3
838	3
839	3
840	3
841	3
842	3
843	3
844	3
845	3
846	3
847	3
848	3
849	3
850	3
851	3
852	3
853	3
854	3
855	3
856	3
857	3
858	3
859	3
860	3
861	3
862	3
863	3
864	3
865	3
866	3
867	3
868	3
869	3
870	3
871	3
872	3
873	3
874	3
875	3
876	3
877	3
878	3
879	3
880	3
881	3
882	3
883	3
884	3
885	3
886	3
887	3
888	3
889	3
890	3
891	3
892	3
893	3
894	3
895	3
896	3
897	3
898	3
899	3
900	3
901	3
902	3
903	3
904	3
905	3
906	3
907	3
908	3
909	3
910	3
911	3
912	3
913	3
914	3
915	3
916	3
917	3
918	3
919	3
920	3
921	3
922	3
923	3
924	3
925	3
926	3
927	3
928	3
929	3
930	3
931	3
932	3
933	3
934	3
935	3
936	3
937	3
938	3
939	3
940	3
941	3
942	3
943	3
944	3
945	3
946	3
947	3
948	3
949	3
950	3
951	3
952	3
953	3
954	3
955	3
956	3
957	3
958	3
959	3
960	3
961	3
962	3
963	3
964	3
965	3
966	3
967	3
968	3
969	3
970	3
971	3
972	3
973	3
974	3
975	3
976	3
977	3
978	3
979	3
980	3
981	3
982	3
983	3
984	3
985	3
986	3
987	3
988	3
989	3
990	3
991	3
992	3
993	3
994	3
995	3
996	3
997	3
998	3
999	3
1000	3
1001	3
1002	3
1003	3
1004	3
1005	3
1006	3
1007	3
1008	3
1009	3
1010	3
1011	3
1012	3
1013	3
1014	3
1015	3
1016	3
1017	3
1018	3
1019	3
1020	3
1021	3
1022	3
1023	3
1024	0
1025	0
1026	0
1027	0
1028	0
1029	0
1030	0
1031	0
1032	0
1033	0
1034	0
1035	0
1036	0
1037	0
1038	0
1039	0
1040	0
1041	0
1042	0
1043	0
1044	0
1045	0
1046	0
1047	0
1048	0
1049	0
1050	0
1051	0
1052	0
1053	0
1054	0
1055	0
1056	0
1057	0
1058	0
1059	0
1060	0
1061	0
1062	0
1063	0
1064	0
1065	0
1066	0
1067	0
1068	0
1069	0
1070	0
1071	0
1072	0
1073	0
1074	0
1075	0
1076	0
1077	0
1078	0
1079	0
1080	0
1081	0
1082	0
1083	0
1084	0
1085	0
1086	0
1087	0
1088	0
1089	0
1090	0
1091	0
1092	0
1093	0
1094	0
1095	0
1096	0
1097	0
1098	0
1099	0
1100	0
1101	0
1102	0
1103	0
1104	0
1105	0
1106	0
1107	0
1108	0
1109	0
1110	0
1111	0
1112	0
1113	0
1114	0
1115	0
1116	0
1117	0
1118	0
1119	0
1120	0
1121	0
1122	0
1123	0
1124	0
1125	0
1126	0
1127	0
1128	0
1129	0
1130	0
1131	0
1132	0
1133	0
1134	0
1135	0
1136	0
1137	0
1138	0
1139	0
1140	0
1141	0
1142	0
1143	0
1144	0
1145	0
1146	0
1147	0
1148	0
1149	0
1150	0
1151	0
1152	0
1153	0
1154	0
1155	0
1156	0
1157	0
1158	0
1159	0
1160	0
1161	0
1162	0
1163	0
1164	0
1165	0
1166	0
1167	0
1168	0
1169	0
1170	0
1171	0
1172	0
1173	0
1174	0
1175	0
1176	0
1177	0
1178	0
1179	0
1180	0
1181	0
1182	0
1183	0
1184	0
1185	0
1186	0
1187	0
1188	0
1189	0
1190	0
1191	0
1192	0
1193	0
1194	0
1195	0
1196	0
1197	0
1198	0
1199	0
1200	0
1201	0
1202	0
1203	0
1204	0
1205	0
1206	0
1207	0
1208	0
1209	0
1210	0
1211	0
1212	0
1213	0
1214	0
1215	0
1216	0
1217	0
1218	0
1219	0
1220	0
1221	0
1222	0
1223	0
1224	0
1225	0
1226	0
1227	0
1228	0
1229	0
1230	0
1231	0
1232	0
1233	0
1234	0
1235	0
1236	0
1237	0
1238	0
1239	0
1240	0
1241	0
1242	0
1243	0
1244	0
1245	0
1246	0
1247	0
1248	0
1249	0
1250	0
1251	0
1252	0
1253	0
1254	0
1255	0
1256	0
1257	0
1258	0
1259	0
1260	0
1261	0
1262	0
1263	0
1264	0
1265	0
1266	0
1267	0
1268	0
1269	0
1270	0
1271	0
1272	0
1273	0
1274	0
1275	0
1276	0
1277	0
1278	0
1279	0
1280	1
1281	1
1282	1
1283	1
1284	1
1285	1
1286	1
1287	1
1288	1
1289	1
1290	1
1291	1
1292	1
1293	1
1294	1
1295	1
1296	1
1297	1
1298	1
1299	1
1300	1
1301	1
1302	1
1303	1
1304	1
1305	1
1306	1
1307	1
1308	1
1309	1
1310	1
1311	1
1312	1
1313	1
1314	1
1315	1
1316	1
1317	1
1318	1
1319	1
1320	1
1321	1
1322	1
1323	1
1324	1
1325	1
1326	1
1327	1
1328	1
1329	1
1330	1
1331	1
1332	1
1333	1
1334	1
1335	1
1336	1
1337	1
1338	1
1339	1
1340	1
1341	1
1342	1
1343	1
1344	1
1345	1
1346	1
1347	1
1348	1
1349	1
1350	1
1351	1
1352	1
1353	1
1354	1
1355	1
1356	1
1357	1
1358	1
1359	1
1360	1
1361	1
1362	1
1363	1
1364	1
1365	1
1366	1
1367	1
1368	1
1369	1
1370	1
1371	1
1372	1
1373	1
1374	1
1375	1
1376	1
1377	1
1378	1
1379	1
1380	1
1381	1
1382	1
1383	1
1384	1
1385	1
1386	1
1387	1
1388	1
1389	1
1390	1
1391	1
1392	1
1393	1
1394	1
1395	1
1396	1
1397	1
1398	1
1399	1
1400	1
1401	1
1402	1
1403	1
1404	1
1405	1
1406	1
1407	1
1408	1
1409	1
1410	1
1411	1
1412	1
1413	1
1414	1
1415	1
1416	1
1417	1
1418	1
1419	1
1420	1
1421	1
1422	1
1423	1
1424	1
1425	1
1426	1
1427	1
1428	1
1429	1
1430	1
1431	1
1432	1
1433	1
1434	1
1435	1
1436	1
1437	1
1438	1
1439	1
1440	1
1441	1
1442	1
1443	1
1444	1
1445	1
1446	1
1447	1
1448	1
1449	1
1450	1
1451	1
1452	1
1453	1
1454	1
1455	1
1456	1
1457	1
1458	1
1459	1
1460	1
1461	1
1462	1
1463	1
1464	1
1465	1
1466	1
1467	1
1468	1
1469	1
1470	1
1471	1
1472	1
1473	1
1474	1
1475	1
1476	1
1477	1
1478	1
1479	1
1480	1
1481	1
1482	1
1483	1
1484	1
1485	1
1486	1
1487	1
1488	1
1489	1
1490	1
1491	1
1492	1
1493	1
1494	1
1495	1
1496	1
1497	1
1498	1
1499	1
1500	1
1501	1
1502	1
1503	1
1504	1
1505	1
1506	1
1507	1
1508	1
1509	1
1510	1
1511	1
1512	1
1513	1
1514	1
1515	1
1516	1
1517	1
1518	1
1519	1
1520	1
1521	1
1522	1
1523	1
1524	1
1525	1
1526	1
1527	1
1528	1
1529	1
1530	1
1531	1
1532	1
1533	1
1534	1
1535	1
1536	2
1537	2
1538	2
1539	2
1540	2
1541	2
1542	2
1543	2
1544	2
1545	2
1546	2
1547	2
1548	2
1549	2
1550	2
1551	2
1552	2
1553	2
1554	2
1555	2
1556	2
1557	2
1558	2
1559	2
1560	2
1561	2
1562	2
1563	2
1564	2
1565	2
1566	2
1567	2
1568	2
1569	2
1570	2
1571	2
1572	2
1573	2
1574	2
1575	2
1576	2
1577	2
1578	2
1579	2
1580	2
1581	2
1582	2
1583	2
1584	2
1585	2
1586	2
1587	2
1588	2
1589	2
1590	2
1591	2
1592	2
1593	2
1594	2
1595	2
1596	2
1597	2
1598	2
1599	2
1600	2
1601	2
1602	2
1603	2
1604	2
1605	2
1606	2
1607	2
1608	2
1609	2
1610	2
1611	2
1612	2
1613	2
1614	2
1615	2
1616	2
1617	2
1618	2
1619	2
1620	2
1621	2
1622	2
1623	2
1624	2
1625	2
1626	2
1627	2
1628	2
1629	2
1630	2
1631	2
1632	2
1633	2
1634	2
1635	2
1636	2
1637	2
1638	2
1639	2
1640	2
1641	2
1642	2
1643	2
1644	2
1645	2
1646	2
1647	2
1648	2
1649	2
1650	2
1651	2
1652	2
1653	2
1654	2
1655	2
1656	2
1657	2
1658	2
1659	2
1660	2
1661	2
1662	2
1663	2
1664	2
1665	2
1666	2
1667	2
1668	2
1669	2
1670	2
1671	2
1672	2
1673	2
1674	2
1675	2
1676	2
1677	2
1678	2
1679	2
1680	2
1681	2
1682	2
1683	2
1684	2
1685	2
1686	2
1687	2
1688	2
1689	2
1690	2
1691	2
1692	2
1693	2
1694	2
1695	2
1696	2
1697	2
1698	2
1699	2
1700	2
1701	2
1702	2
1703	2
1704	2
1705	2
1706	2
1707	2
1708	2
1709	2
1710	2
1711	2
1712	2
1713	2
1714	2
1715	2
1716	2
1717	2
1718	2
1719	2
1720	2
1721	2
1722	2
1723	2
1724	2
1725	2
1726	2
1727	2
1728	2
1729	2
1730	2
1731	2
1732	2
1733	2
1734	2
1735	2
1736	2
1737	2
1738	2
1739	2
1740	2
1741	2
1742	2
1743	2
1744	2
1745	2
1746	2
1747	2
1748	2
1749	2
1750	2
1751	2
1752	2
1753	2
1754	2
1755	2
1756	2
1757	2
1758	2
1759	2
1760	2
1761	2
1762	2
1763	2
1764	2
1765	2
1766	2
1767	2
1768	2
1769	2
1770	2
1771	2
1772	2
1773	2
1774	2
1775	2
1776	2
1777	2
1778	2
1779	2
1780	2
1781	2
1782	2
1783	2
1784	2
1785	2
1786	2
1787	2
1788	2
1789	2
1790	2
1791	2
1792	3
1793	3
1794	3
1795	3
1796	3
1797	3
1798	3
1799	3
1800	3
1801	3
1802	3
1803	3
1804	3
1805	3
1806	3
1807	3
1808	3
1809	3
1810	3
1811	3
1812	3
1813	3
1814	3
1815	3
1816	3
1817	3
1818	3
1819	3
1820	3
1821	3
1822	3
1823	3
1824	3
1825	3
1826	3
1827	3
1828	3
1829	3
1830	3
1831	3
1832	3
1833	3
1834	3
1835	3
1836	3
1837	3
1838	3
1839	3
1840	3
1841	3
1842	3
1843	3
1844	3
1845	3
1846	3
1847	3
1848	3
1849	3
1850	3
1851	3
1852	3
1853	3
1854	3
1855	3
1856	3
1857	3
1858	3
1859	3
1860	3
1861	3
1862	3
1863	3
1864	3
1865	3
1866	3
1867	3
1868	3
1869	3
1870	3
1871	3
1872	3
1873	3
1874	3
1875	3
1876	3
1877	3
1878	3
1879	3
1880	3
1881	3
1882	3
1883	3
1884	3
1885	3
1886	3
1887	3
1888	3
1889	3
1890	3
1891	3
1892	3
1893	3
1894	3
1895	3
1896	3
1897	3
1898	3
1899	3
1900	3
1901	3
1902	3
1903	3
1904	3
1905	3
1906	3
1907	3
1908	3
1909	3
1910	3
1911	3
1912	3
1913	3
0	0
1	0
2	0
3	0
4	0
5	0
6	0
7	0
8	0
9	0
10	0
11	0
12	0
13	0
14	0
15	0
16	0
17	0
18	0
19	0
20	0
21	0
22	0
23	0
24	0
25	0
26	0
27	0
28	0
29	0
30	0
31	0
32	0
33	0
34	0
35	0
36	0
37	0
38	0
39	0
40	0
41	0
42	0
43	0
44	0
45	0
46	0
47	0
48	0
49	0
50	0
51	0
52	0
53	0
54	0
55	0
56	0
57	0
58	0
59	0
60	0
61	0
62	0
63	0
64	0
65	0
66	0
67	0
68	0
69	0
70	0
71	0
72	0
73	0
74	0
75	0
76	0
77	0
78	0
79	0
80	0
81	0
82	0
83	0
84	0
85	0
86	0
87	0
88	0
89	0
90	0
91	0
92	0
93	0
94	0
95	0
96	0
97	0
98	0
99	0
100	0
101	0
102	0
103	0
104	0
105	0
106	0
107	0
108	0
109	0
110	0
111	0
112	0
113	0
114	0
115	0
116	0
117	0
118	0
119	0
120	0
121	0
122	0
123	0
124	0
125	0
126	0
127	0
128	0
129	0
130	0
131	0
132	0
133	0
134	0
135	0
136	0
137	0
138	0
139	0
140	0
141	0
142	0
143	0
144	0
145	0
146	0
147	0
148	0
149	0
150	0
151	0
152	0
153	0
154	0
155	0
156	0
157	0
158	0
159	0
160	0
161	0
162	0
163	0
164	0
165	0
166	0
167	0
168	0
169	0
170	0
171	0
172	0
173	0
174	0
175	0
176	0
177	0
178	0
179	0
180	0
181	0
182	0
183	0
184	0
185	0
186	0
187	0
188	0
189	0
190	0
191	0
192	0
193	0
194	0
195	0
196	0
197	0
198	0
199	0
200	0
201	0
202	0
203	0
204	0
205	0
206	0
207	0
208	0
209	0
210	0
211	0
212	0
213	0
214	0
215	0
216	0
217	0
218	0
219	0
220	0
221	0
222	0
223	0
224	0
225	0
226	0
227	0
228	0
229	0
230	0
231	0
232	0
233	0
234	0
235	0
236	0
237	0
238	0
239	0
240	0
241	0
242	0
243	0
244	0
245	0
246	0
247	0
248	0
249	0
250	0
251	0
252	0
253	0
254	0
255	0
256	1
257	1
258	1
259	1
260	1
261	1
262	1
263	1
264	1
265	1
266	1
267	1
268	1
269	1
270	1
271	1
272	1
273	1
274	1
275	1
276	1
277	1
278	1
279	1
280	1
281	1
282	1
283	1
284	1
285	1
286	1
287	1
288	1
289	1
290	1
291	1
292	1
293	1
294	1
295	1
296	1
297	1
298	1
299	1
300	1
301	1
302	1
303	1
304	1
305	1
306	1
307	1
308	1
309	1
310	1
311	1
312	1
313	1
314	1
315	1
316	1
317	1
318	1
319	1
320	1
321	1
322	1
323	1
324	1
325	1
326	1
327	1
328	1
329	1
330	1
331	1
332	1
333	1
334	1
335	1
336	1
337	1
338	1
339	1
340	1
341	1
342	1
343	1
344	1
345	1
346	1
347	1
348	1
349	1
350	1
351	1
352	1
353	1
354	1
355	1
356	1
357	1
358	1
359	1
360	1
361	1
362	1
363	1
364	1
365	1
366	1
367	1
368	1
369	1
370	1
371	1
372	1
373	1
374	1
375	1
376	1
377	1
378	1
379	1
380	1
381	1
382	1
383	1
384	1
385	1
386	1
387	1
388	1
389	1
390	1
391	1
392	1
393	1
394	1
395	1
396	1
397	1
398	1
399	1
400	1
401	1
402	1
403	1
404	1
405	1
406	1
407	1
408	1
409	1
410	1
411	1
412	1
413	1
414	1
415	1
416	1
417	1
418	1
419	1
420	1
421	1
422	1
423	1
424	1
425	1
426	1
427	1
428	1
429	1
430	1
431	1
432	1
433	1
434	1
435	1
436	1
437	1
438	1
439	1
440	1
441	1
442	1
443	1
444	1
445	1
446	1
447	1
448	1
449	1
450	1
451	1
452	1
453	1
454	1
455	1
456	1
457	1
458	1
459	1
460	1
461	1
462	1
463	1
464	1
465	1
466	1
467	1
468	1
469	1
470	1
471	1
472	1
473	1
474	1
475	1
476	1
477	1
478	1
479	1
480	1
481	1
482	1
483	1
484	1
485	1
486	1
487	1
488	1
489	1
490	1
491	1
492	1
493	1
494	1
495	1
496	1
497	1
498	1
499	1
500	1
501	1
502	1
503	1
504	1
505	1
506	1
507	1
508	1
509	1
510	1
511	1
512	2
513	2
514	2
515	2
516	2
517	2
518	2
519	2
520	2
521	2
522	2
523	2
524	2
525	2
526	2
527	2
528	2
529	2
530	2
531	2
532	2
533	2
534	2
535	2
536	2
537	2
538	2
539	2
540	2
541	2
542	2
543	2
544	2
545	2
546	2
547	2
548	2
549	2
550	2
551	2
552	2
553	2
554	2
555	2
556	2
557	2
558	2
559	2
560	2
561	2
562	2
563	2
564	2
565	2
566	2
567	2
568	2
569	2
570	2
571	2
572	2
573	2
574	2
575	2
576	2
577	2
578	2
579	2
580	2
581	2
582	2
583	2
584	2
585	2
586	2
587	2
588	2
589	2
590	2
591	2
592	2
593	2
594	2
595	2
596	2
597	2
598	2
599	2
600	2
601	2
602	2
603	2
604	2
605	2
606	2
607	2
608	2
609	2
610	2
611	2
612	2
613	2
614	2
615	2
616	2
617	2
618	2
619	2
620	2
621	2
622	2
623	2
624	2
625	2
626	2
627	2
628	2
629	2
630	2
631	2
632	2
633	2
634	2
635	2
636	2
637	2
638	2
639	2
640	2
641	2
642	2
643	2
644	2
645	2
646	2
647	2
648	2
649	2
650	2
651	2
652	2
653	2
654	2
655	2
656	2
657	2
658	2
659	2
660	2
661	2
662	2
663	2
664	2
665	2
666	2
667	2
668	2
669	2
670	2
671	2
672	2
673	2
674	2
675	2
676	2
677	2
678	2
679	2
680	2
681	2
682	2
683	2
684	2
685	2
686	2
687	2
688	2
689	2
690	2
691	2
692	2
693	2
694	2
695	2
696	2
697	2
698	2
699	2
700	2
701	2
702	2
703	2
704	2
705	2
706	2
707	2
708	2
709	2
710	2
711	2
712	2
713	2
714	2
715	2
716	2
717	2
718	2
719	2
720	2
721	2
722	2
723	2
724	2
725	2
726	2
727	2
728	2
729	2
730	2
731	2
732	2
733	2
734	2
735	2
736	2
737	2
738	2
739	2
740	2
741	2
742	2
743	2
744	2
745	2
746	2
747	2
748	2
749	2
750	2
751	2
752	2
753	2
754	2
755	2
756	2
757	2
758	2
759	2
760	2
761	2
762	2
763	2
764	2
765	2
766	2
767	2
768	3
769	3
770	3
771	3
772	3
773	3
774	3
775	3
776	3
777	3
778	3
779	3
780	3
781	3
782	3
783	3
784	3
785	3
786	3
787	3
788	3
789	3
790	3
791	3
792	3
793	3
794	3
795	3
796	3
797	3
798	3
799	3
800	3
801	3
802	3
803	3
804	3
805	3
806	3
807	3
808	3
809	3
810	3
811	3
812	3
813	3
814	3
815	3
816	3
817	3
818	3
819	3
820	3
821	3
822	3
823	3
824	3
825	3
826	3
827	3
828	3
829	3
830	3
831	3
832	3
833	3
834	3
835	3
836	3
837	3
838	3
839	3
840	3
841	3
842	3
843	3
844	3
845	3
846	3
847	3
848	3
849	3
850	3
851	3
852	3
853	3
854	3
855	3
856	3
857	3
858	3
859	3
860	3
861	3
862	3
863	3
864	3
865	3
866	3
867	3
868	3
869	3
870	3
871	3
872	3
873	3
874	3
875	3
876	3
877	3
878	3
879	3
880	3
881	3
882	3
883	3
884	3
885	3
886	3
887	3
888	3
889	3
890	3
891	3
892	3
893	3
894	3
895	3
896	3
897	3
898	3
899	3
900	3
901	3
902	3
903	3
904	3
905	3
906	3
907	3
908	3
909	3
910	3
911	3
912	3
913	3
914	3
915	3
916	3
917	3
918	3
919	3
920	3
921	3
922	3
923	3
924	3
925	3
926	3
927	3
928	3
929	3
930	3
931	3
932	3
933	3
934	3
935	3
936	3
937	3
938	3
939	3
940	3
941	3
942	3
943	3
944	3
945	3
946	3
947	3
948	3
949	3
950	3
951	3
952	3
953	3
954	3
955	3
956	3
957	3
958	3
959	3
960	3
961	3
962	3
963	3
964	3
965	3
966	3
967	3
968	3
969	3
970	3
971	3
972	3
973	3
974	3
975	3
976	3
977	3
978	3
979	3
980	3
981	3
982	3
983	3
984	3
985	3
986	3
987	3
988	3
989	3
990	3
991	3
992	3
993	3
994	3
995	3
996	3
997	3
998	3
999	3
1000	3
1001	3
1002	3
1003	3
1004	3
1005	3
1006	3
1007	3
1008	3
1009	3
1010	3
1011	3
1012	3
1013	3
1014	3
1015	3
1016	3
1017	3
1018	3
1019	3
1020	3
1021	3
1022	3
1023	3
1024	0
1025	0
1026	0
1027	0
1028	0
1029	0
1030	0
1031	0
1032	0
1033	0
1034	0
1035	0
1036	0
1037	0
1038	0
1039	0
1040	0
1041	0
1042	0
1043	0
1044	0
1045	0
1046	0
1047	0
1048	0
1049	0
1050	0
1051	0
1052	0
1053	0
1054	0
1055	0
1056	0
1057	0
1058	0
1059	0
1060	0
1061	0
1062	0
1063	0
1064	0
1065	0
1066	0
1067	0
1068	0
1069	0
1070	0
1071	0
1072	0
1073	0
1074	0
1075	0
1076	0
1077	0
1078	0
1079	0
1080	0
1081	0
1082	0
1083	0
1084	0
1085	0
1086	0
1087	0
1088	0
1089	0
1090	0
1091	0
1092	0
1093	0
1094	0
1095	0
1096	0
1097	0
1098	0
1099	0
1100	0
1101	0
1102	0
1103	0
1104	0
1105	0
1106	0
1107	0
1108	0
1109	0
1110	0
1111	0
1112	0
1113	0
1114	0
1115	0
1116	0
1117	0
1118	0
1119	0
1120	0
1121	0
1122	0
1123	0
1124	0
1125	0
1126	0
1127	0
1128	0
1129	0
1130	0
1131	0
1132	0
1133	0
1134	0
1135	0
1136	0
1137	0
1138	0
1139	0
1140	0
1141	0
1142	0
1143	0
1144	0
1145	0
1146	0
1147	0
1148	0
1149	0
1150	0
1151	0
1152	0
1153	0
1154	0
1155	0
1156	0
1157	0
1158	0
1159	0
1160	0
1161	0
1162	0
1163	0
1164	0
1165	0
1166	0
1167	0
1168	0
1169	0
1170	0
1171	0
1172	0
1173	0
1174	0
1175	0
1176	0
1177	0
1178	0
1179	0
1180	0
1181	0
1182	0
1183	0
1184	0
1185	0
1186	0
1187	0
1188	0
1189	0
1190	0
1191	0
1192	0
1193	0
1194	0
1195	0
1196	0
1197	0
1198	0
1199	0
1200	0
1201	0
1202	0
1203	0
1204	0
1205	0
1206	0
1207	0
1208	0
1209	0
1210	0
1211	0
1212	0
1213	0
1214	0
1215	0
1216	0
1217	0
1218	0
1219	0
1220	0
1221	0
1222	0
1223	0
1224	0
1225	0
1226	0
1227	0
1228	0
1229	0
1230	0
1231	0
1232	0
1233	0
1234	0
1235	0
1236	0
1237	0
1238	0
1239	0
1240	0
1241	0
1242	0
1243	0
1244	0
1245	0
1246	0
1247	0
1248	0
1249	0
1250	0
1251	0
1252	0
1253	0
1254	0
1255	0
1256	0
1257	0
1258	0
1259	0
1260	0
1261	0
1262	0
1263	0
1264	0
1265	0
1266	0
1267	0
1268	0
1269	0
1270	0
1271	0
1272	0
1273	0
1274	0
1275	0
1276	0
1277	0
1278	0
1279	0
1280	1
1281	1
1282	1
1283	1
1284	1
1285	1
1286	1
1287	1
1288	1
1289	1
1290	1
1291	1
1292	1
1293	1
1294	1
1295	1
1296	1
1297	1
1298	1
1299	1
1300	1
1301	1
1302	1
1303	1
1304	1
1305	1
1306	1
1307	1
1308	1
1309	1
1310	1
1311	1
1312	1
1313	1
1314	1
1315	1
1316	1
1317	1
1318	1
1319	1
1320	1
1321	1
1322	1
1323	1
1324	1
1325	1
1326	1
1327	1
1328	1
1329	1
1330	1
1331	1
1332	1
1333	1
1334	1
1335	1
1336	1
1337	1
1338	1
1339	1
1340	1
1341	1
1342	1
1343	1
1344	1
1345	1
1346	1
1347	1
1348	1
1349	1
1350	1
1351	1
1352	1
1353	1
1354	1
1355	1
1356	1
1357	1
1358	1
1359	1
1360	1
1361	1
1362	1
1363	1
1364	1
1365	1
1366	1
1367	1
1368	1
1369	1
1370	1
1371	1
1372	1
1373	1
1374	1
1375	1
1376	1
1377	1
1378	1
1379	1
1380	1
1381	1
1382	1
1383	1
1384	1
1385	1
1386	1
1387	1
1388	1
1389	1
1390	1
1391	1
1392	1
1393	1
1394	1
1395	1
1396	1
1397	1
1398	1
1399	1
1400	1
1401	1
1402	1
1403	1
1404	1
1405	1
1406	1
1407	1
1408	1
1409	1
1410	1
1411	1
1412	1
1413	1
1414	1
1415	1
1416	1
1417	1
1418	1
1419	1
1420	1
1421	1
1422	1
1423	1
1424	1
1425	1
1426	1
1427	1
1428	1
1429	1
1430	1
1431	1
1432	1
1433	1
1434	1
1435	1
1436	1
1437	1
1438	1
1439	1
1440	1
1441	1
1442	1
1443	1
1444	1
1445	1
1446	1
1447	1
1448	1
1449	1
1450	1
1451	1
1452	1
1453	1
1454	1
1455	1
1456	1
1457	1
1458	1
1459	1
1460	1
1461	1
1462	1
1463	1
1464	1
1465	1
1466	1
1467	1
1468	1
1469	1
1470	1
1471	1
1472	1
1473	1
1474	1
1475	1
1476	1
1477	1
1478	1
1479	1
1480	1
1481	1
1482	1
1483	1
1484	1
1485	1
1486	1
1487	1
1488	1
1489	1
1490	1
1491	1
1492	1
1493	1
1494	1
1495	1
1496	1
1497	1
1498	1
1499	1
1500	1
1501	1
1502	1
1503	1
1504	1
1505	1
1506	1
1507	1
1508	1
1509	1
1510	1
1511	1
1512	1
1513	1
1514	1
1515	1
1516	1
1517	1
1518	1
1519	1
1520	1
1521	1
1522	1
1523	1
1524	1
1525	1
1526	1
1527	1
1528	1
1529	1
1530	1
1531	1
1532	1
1533	1
1534	1
1535	1
1536	2
1537	2
1538	2
1539	2
1540	2
1541	2
1542	2
1543	2
1544	2
1545	2
1546	2
1547	2
1548	2
1549	2
1550	2
1551	2
1552	2
1553	2
1554	2
1555	2
1556	2
1557	2
1558	2
1559	2
1560	2
1561	2
1562	2
1563	2
1564	2
1565	2
1566	2
1567	2
1568	2
1569	2
1570	2
1571	2
1572	2
1573	2
1574	2
1575	2
1576	2
1577	2
1578	2
1579	2
1580	2
1581	2
1582	2
1583	2
1584	2
1585	2
1586	2
1587	2
1588	2
1589	2
1590	2
1591	2
1592	2
1593	2
1594	2
1595	2
1596	2
1597	2
1598	2
1599	2
1600	2
1601	2
1602	2
1603	2
1604	2
1605	2
1606	2
1607	2
1608	2
1609	2
1610	2
1611	2
1612	2
1613	2
1614	2
1615	2
1616	2
1617	2
1618	2
1619	2
1620	2
1621	2
1622	2
1623	2
1624	2
1625	2
1626	2
1627	2
1628	2
1629	2
1630	2
1631	2
1632	2
1633	2
1634	2
1635	2
1636	2
1637	2
1638	2
1639	2
1640	2
1641	2
1642	2
1643	2
1644	2
1645	2
1646	2
1647	2
1648	2
1649	2
1650	2
1651	2
1652	2
1653	2
1654	2
1655	2
1656	2
1657	2
1658	2
1659	2
1660	2
1661	2
1662	2
1663	2
1664	2
1665	2
1666	2
1667	2
1668	2
1669	2
1670	2
1671	2
1672	2
1673	2
1674	2
1675	2
1676	2
1677	2
1678	2
1679	2
1680	2
1681	2
1682	2
1683	2
1684	2
1685	2
1686	2
1687	2
1688	2
1689	2
1690	2
1691	2
1692	2
1693	2
1694	2
1695	2
1696	2
1697	2
1698	2
1699	2
1700	2
1701	2
1702	2
1703	2
1704	2
1705	2
1706	2
1707	2
1708	2
1709	2
1710	2
1711	2
1712	2
1713	2
1714	2
1715	2
1716	2
1717	2
1718	2
1719	2
1720	2
1721	2
1722	2
1723	2
1724	2
1725	2
1726	2
1727	2
1728	2
1729	2
1730	2
1731	2
1732	2
1733	2
1734	2
1735	2
1736	2
1737	2
1738	2
1739	2
1740	2
1741	2
1742	2
1743	2
1744	2
1745	2
1746	2
1747	2
1748	2
1749	2
1750	2
1751	2
1752	2
1753	2
1754	2
1755	2
1756	2
1757	2
1758	2
1759	2
1760	2
1761	2
1762	2
1763	2
1764	2
1765	2
1766	2
1767	2
1768	2
1769	2
1770	2
1771	2
1772	2
1773	2
1774	2
1775	2
1776	2
1777	2
1778	2
1779	2
1780	2
1781	2
1782	2
1783	2
1784	2
1785	2
1786	2
1787	2
1788	2
1789	2
1790	2
1791	2
1792	3
1793	3
1794	3
1795	3
1796	3
1797	3
1798	3
1799	3
1800	3
1801	3
1802	3
1803	3
1804	3
1805	3
1806	3
1807	3
1808	3
1809	3
1810	3
1811	3
1812	3
1813	3
1814	3
1815	3
1816	3
1817	3
1818	3
1819	3
1820	3
1821	3
1822	3
1823	3
1824	3
1825	3
1826	3
1827	3
1828	3
1829	3
1830	3
1831	3
1832	3
1833	3
1834	3
1835	3
1836	3
1837	3
1838	3
1839	3
1840	3
1841	3
1842	3
1843	3
1844	3
1845	3
1846	3
1847	3
1848	3
1849	3
1850	3
1851	3
1852	3
1853	3
1854	3
1855	3
1856	3
1857	3
1858	3
1859	3
1860	3
1861	3
1862	3
1863	3
1864	3
1865	3
1866	3
1867	3
1868	3
1869	3
1870	3
1871	3
1872	3
1873	3
1874	3
1875	3
1876	3
1877	3
1878	3
1879	3
1880	3
1881	3
1882	3
1883	3
1884	3
1885	3
1886	3
1887	3
1888	3
1889	3
1890	3
1891	3
1892	3
1893	3
1894	3
1895	3
1896	3
1897	3
1898	3
1899	3
1900	3
1901	3
1902	3
1903	3
1904	3
1905	3
1906	3
1907	3
1908	3
1909	3
1910	3
1911	3
1912	3
1913	3
0	0
1	0
2	0
3	0
4	0
5	0
6	0
7	0
8	0
9	0
10	0
11	0
12	0
13	0
14	0
15	0
16	0
17	0
18	0
19	0
20	0
21	0
22	0
23	0
24	0
25	0
26	0
27	0
28	0
29	0
30	0
31	0
32	0
33	0
34	0
35	0
36	0
37	0
38	0
39	0
40	0
41	0
42	0
43	0
44	0
45	0
46	0
47	0
48	0
49	0
50	0
51	0
52	0
53	0
54	0
55	0
56	0
57	0
58	0
59	0
60	0
61	0
62	0
63	0
64	0
65	0
66	0
67	0
68	0
69	0
70	0
71	0
72	0
73	0
74	0
75	0
76	0
77	0
78	0
79	0
80	0
81	0
82	0
83	0
84	0
85	0
86	0
87	0
88	0
89	0
90	0
91	0
92	0
93	0
94	0
95	0
96	0
97	0
98	0
99	0
100	0
101	0
102	0
103	0
104	0
105	0
106	0
107	0
108	0
109	0
110	0
111	0
112	0
113	0
114	0
115	0
116	0
117	0
118	0
119	0
120	0
121	0
122	0
123	0
124	0
125	0
126	0
127	0
128	0
129	0
130	0
131	0
132	0
133	0
134	0
135	0
136	0
137	0
138	0
139	0
140	0
141	0
142	0
143	0
144	0
145	0
146	0
147	0
148	0
149	0
150	0
151	0
152	0
153	0
154	0
155	0
156	0
157	0
158	0
159	0
160	0
161	0
162	0
163	0
164	0
165	0
166	0
167	0
168	0
169	0
170	0
171	0
172	0
173	0
174	0
175	0
176	0
177	0
178	0
179	0
180	0
181	0
182	0
183	0
184	0
185	0
186	0
187	0
188	0
189	0
190	0
191	0
192	0
193	0
194	0
195	0
196	0
197	0
198	0
199	0
200	0
201	0
202	0
203	0
204	0
205	0
206	0
207	0
208	0
209	0
210	0
211	0
212	0
213	0
214	0
215	0
216	0
217	0
218	0
219	0
220	0
221	0
222	0
223	0
224	0
225	0
226	0
227	0
228	0
229	0
230	0
231	0
232	0
233	0
234	0
235	0
236	0
237	0
238	0
239	0
240	0
241	0
242	0
243	0
244	0
245	0
246	0
247	0
248	0
249	0
250	0
251	0
252	0
253	0
254	0
255	0
256	1
257	1
258	1
259	1
260	1
261	1
262	1
263	1
264	1
265	1
266	1
267	1
268	1
269	1
270	1
271	1
272	1
273	1
274	1
275	1
276	1
277	1
278	1
279	1
280	1
281	1
282	1
283	1
284	1
285	1
286	1
287	1
288	1
289	1
290	1
291	1
292	1
293	1
294	1
295	1
296	1
297	1
298	1
299	1
300	1
301	1
302	1
303	1
304	1
305	1
306	1
307	1
308	1
309	1
310	1
311	1
312	1
313	1
314	1
315	1
316	1
317	1
318	1
319	1
320	1
321	1
322	1
323	1
324	1
325	1
326	1
327	1
328	1
329	1
330	1
331	1
332	1
333	1
334	1
335	1
336	1
337	1
338	1
339	1
340	1
341	1
342	1
343	1
344	1
345	1
346	1
347	1
348	1
349	1
350	1
351	1
352	1
353	1
354	1
355	1
356	1
357	1
358	1
359	1
360	1
361	1
362	1
363	1
364	1
365	1
366	1
367	1
368	1
369	1
370	1
371	1
372	1
373	1
374	1
375	1
376	1
377	1
378	1
379	1
380	1
381	1
382	1
383	1
384	1
385	1
386	1
387	1
388	1
389	1
390	1
391	1
392	1
393	1
394	1
395	1
396	1
397	1
398	1
399	1
400	1
401	1
402	1
403	1
404	1
405	1
406	1
407	1
408	1
409	1
410	1
411	1
412	1
413	1
414	1
415	1
416	1
417	1
418	1
419	1
420	1
421	1
422	1
423	1
424	1
425	1
426	1
427	1
428	1
429	1
430	1
431	1
432	1
433	1
434	1
435	1
436	1
437	1
438	1
439	1
440	1
441	1
442	1
443	1
444	1
445	1
446	1
447	1
448	1
449	1
450	1
451	1
452	1
453	1
454	1
455	1
456	1
457	1
458	1
459	1
460	1
461	1
462	1
463	1
464	1
465	1
466	1
467	1
468	1
469	1
470	1
471	1
472	1
473	1
474	1
475	1
476	1
477	1
478	1
479	1
480	1
481	1
482	1
483	1
484	1
485	1
486	1
487	1
488	1
489	1
490	1
491	1
492	1
493	1
494	1
495	1
496	1
497	1
498	1
499	1
500	1
501	1
502	1
503	1
504	1
505	1
506	1
507	1
508	1
509	1
510	1
511	1
512	2
513	2
514	2
515	2
516	2
517	2
518	2
519	2
520	2
521	2
522	2
523	2
524	2
525	2
526	2
527	2
528	2
529	2
530	2
531	2
532	2
533	2
534	2
535	2
536	2
537	2
538	2
539	2
540	2
541	2
542	2
543	2
544	2
545	2
546	2
547	2
548	2
549	2
550	2
551	2
552	2
553	2
554	2
555	2
556	2
557	2
558	2
559	2
560	2
561	2
562	2
563	2
564	2
565	2
566	2
567	2
568	2
569	2
570	2
571	2
572	2
573	2
574	2
575	2
576	2
577	2
578	2
579	2
580	2
581	2
582	2
583	2
584	2
585	2
586	2
587	2
588	2
589	2
590	2
591	2
592	2
593	2
594	2
595	2
596	2
597	2
598	2
599	2
600	2
601	2
602	2
603	2
604	2
605	2
606	2
607	2
608	2
609	2
610	2
611	2
612	2
613	2
614	2
615	2
616	2
617	2
618	2
619	2
620	2
621	2
622	2
623	2
624	2
625	2
626	2
627	2
628	2
629	2
630	2
631	2
632	2
633	2
634	2
635	2
636	2
637	2
638	2
639	2
640	2
641	2
642	2
643	2
644	2
645	2
646	2
647	2
648	2
649	2
650	2
651	2
652	2
653	2
654	2
655	2
656	2
657	2
658	2
659	2
660	2
661	2
662	2
663	2
664	2
665	2
666	2
667	2
668	2
669	2
670	2
671	2
672	2
673	2
674	2
675	2
676	2
677	2
678	2
679	2
680	2
681	2
682	2
683	2
684	2
685	2
686	2
687	2
688	2
689	2
690	2
691	2
692	2
693	2
694	2
695	2
696	2
697	2
698	2
699	2
700	2
701	2
702	2
703	2
704	2
705	2
706	2
707	2
708	2
709	2
710	2
711	2
712	2
713	2
714	2
715	2
716	2
717	2
718	2
719	2
720	2
721	2
722	2
723	2
724	2
725	2
726	2
727	2
728	2
729	2
730	2
731	2
732	2
733	2
734	2
735	2
736	2
737	2
738	2
739	2
740	2
741	2
742	2
743	2
744	2
745	2
746	2
747	2
748	2
749	2
750	2
751	2
752	2
753	2
754	2
755	2
756	2
757	2
758	2
759	2
760	2
761	2
762	2
763	2
764	2
765	2
766	2
767	2
768	3
769	3
770	3
771	3
772	3
773	3
774	3
775	3
776	3
777	3
778	3
779	3
780	3
781	3
782	3
783	3
784	3
785	3
786	3
787	3
788	3
789	3
790	3
791	3
792	3
793	3
794	3
795	3
796	3
797	3
798	3
799	3
800	3
801	3
802	3
803	3
804	3
805	3
806	3
807	3
808	3
809	3
810	3
811	3
812	3
813	3
814	3
815	3
816	3
817	3
818	3
819	3
820	3
821	3
822	3
823	3
824	3
825	3
826	3
827	3
828	3
829	3
830	3
831	3
832	3
833	3
834	3
835	3
836	3
837	3
838	3
839	3
840	3
841	3
842	3
843	3
844	3
845	3
846	3
847	3
848	3
849	3
850	3
851	3
852	3
853	3
854	3
855	3
856	3
857	3
858	3
859	3
860	3
861	3
862	3
863	3
864	3
865	3
866	3
867	3
868	3
869	3
870	3
871	3
872	3
873	3
874	3
875	3
876	3
877	3
878	3
879	3
880	3
881	3
882	3
883	3
884	3
885	3
886	3
887	3
888	3
889	3
890	3
891	3
892	3
893	3
894	3
895	3
896	3
897	3
898	3
899	3
900	3
901	3
902	3
903	3
904	3
905	3
906	3
907	3
908	3
909	3
910	3
911	3
912	3
913	3
914	3
915	3
916	3
917	3
918	3
919	3
920	3
921	3
922	3
923	3
924	3
925	3
926	3
927	3
928	3
929	3
930	3
931	3
932	3
933	3
934	3
935	3
936	3
937	3
938	3
939	3
940	3
941	3
942	3
943	3
944	3
945	3
946	3
947	3
948	3
949	3
950	3
951	3
952	3
953	3
954	3
955	3
956	3
957	3
958	3
959	3
960	3
961	3
962	3
963	3
964	3
965	3
966	3
967	3
968	3
969	3
970	3
971	3
972	3
973	3
974	3
975	3
976	3
977	3
978	3
979	3
980	3
981	3
982	3
983	3
984	3
985	3
986	3
987	3
988	3
989	3
990	3
991	3
992	3
993	3
994	3
995	3
996	3
997	3
998	3
999	3
1000	3
1001	3
1002	3
1003	3
1004	3
1005	3
1006	3
1007	3
1008	3
1009	3
1010	3
1011	3
1012	3
1013	3
1014	3
1015	3
1016	3
1017	3
1018	3
1019	3
1020	3
1021	3
1022	3
1023	3
1024	0
1025	0
1026	0
1027	0
1028	0
1029	0
1030	0
1031	0
1032	0
1033	0
1034	0
1035	0
1036	0
1037	0
1038	0
1039	0
1040	0
1041	0
1042	0
1043	0
1044	0
1045	0
1046	0
1047	0
1048	0
1049	0
1050	0
1051	0
1052	0
1053	0
1054	0
1055	0
1056	0
1057	0
1058	0
1059	0
1060	0
1061	0
1062	0
1063	0
1064	0
1065	0
1066	0
1067	0
1068	0
1069	0
1070	0
1071	0
1072	0
1073	0
1074	0
1075	0
1076	0
1077	0
1078	0
1079	0
1080	0
1081	0
1082	0
1083	0
1084	0
1085	0
1086	0
1087	0
1088	0
1089	0
1090	0
1091	0
1092	0
1093	0
1094	0
1095	0
1096	0
1097	0
1098	0
1099	0
1100	0
1101	0
1102	0
1103	0
1104	0
1105	0
1106	0
1107	0
1108	0
1109	0
1110	0
1111	0
1112	0
1113	0
1114	0
1115	0
1116	0
1117	0
1118	0
1119	0
1120	0
1121	0
1122	0
1123	0
1124	0
1125	0
1126	0
1127	0
1128	0
1129	0
1130	0
1131	0
1132	0
1133	0
1134	0
1135	0
1136	0
1137	0
1138	0
1139	0
1140	0
1141	0
1142	0
1143	0
1144	0
1145	0
1146	0
1147	0
1148	0
1149	0
1150	0
1151	0
1152	0
1153	0
1154	0
1155	0
1156	0
1157	0
1158	0
1159	0
1160	0
1161	0
1162	0
1163	0
1164	0
1165	0
1166	0
1167	0
1168	0
1169	0
1170	0
1171	0
1172	0
1173	0
1174	0
1175	0
1176	0
1177	0
1178	0
1179	0
1180	0
1181	0
1182	0
1183	0
1184	0
1185	0
1186	0
1187	0
1188	0
1189	0
1190	0
1191	0
1192	0
1193	0
1194	0
1195	0
1196	0
1197	0
1198	0
1199	0
1200	0
1201	0
1202	0
1203	0
1204	0
1205	0
1206	0
1207	0
1208	0
1209	0
1210	0
1211	0
1212	0
1213	0
1214	0
1215	0
1216	0
1217	0
1218	0
1219	0
1220	0
1221	0
1222	0
1223	0
1224	0
1225	0
1226	0
1227	0
1228	0
1229	0
1230	0
1231	0
1232	0
1233	0
1234	0
1235	0
1236	0
1237	0
1238	0
1239	0
1240	0
1241	0
1242	0
1243	0
1244	0
1245	0
1246	0
1247	0
1248	0
1249	0
1250	0
1251	0
1252	0
1253	0
1254	0
1255	0
1256	0
1257	0
1258	0
1259	0
1260	0
1261	0
1262	0
1263	0
1264	0
1265	0
1266	0
1267	0
1268	0
1269	0
1270	0
1271	0
1272	0
1273	0
1274	0
1275	0
1276	0
1277	0
1278	0
1279	0
1280	1
1281	1
1282	1
1283	1
1284	1
1285	1
1286	1
1287	1
1288	1
1289	1
1290	1
1291	1
1292	1
1293	1
1294	1
1295	1
1296	1
1297	1
1298	1
1299	1
1300	1
1301	1
1302	1
1303	1
1304	1
1305	1
1306	1
1307	1
1308	1
1309	1
1310	1
1311	1
1312	1
1313	1
1314	1
1315	1
1316	1
1317	1
1318	1
1319	1
1320	1
1321	1
1322	1
1323	1
1324	1
1325	1
1326	1
1327	1
1328	1
1329	1
1330	1
1331	1
1332	1
1333	1
1334	1
1335	1
1336	1
1337	1
1338	1
1339	1
1340	1
1341	1
1342	1
1343	1
1344	1
1345	1
1346	1
1347	1
1348	1
1349	1
1350	1
1351	1
1352	1
1353	1
1354	1
1355	1
1356	1
1357	1
1358	1
1359	1
1360	1
1361	1
1362	1
1363	1
1364	1
1365	1
1366	1
1367	1
1368	1
1369	1
1370	1
1371	1
1372	1
1373	1
1374	1
1375	1
1376	1
1377	1
1378	1
1379	1
1380	1
1381	1
1382	1
1383	1
1384	1
1385	1
1386	1
1387	1
1388	1
1389	1
1390	1
1391	1
1392	1
1393	1
1394	1
1395	1
1396	1
1397	1
1398	1
1399	1
1400	1
1401	1
1402	1
1403	1
1404	1
1405	1
1406	1
1407	1
1408	1
1409	1
1410	1
1411	1
1412	1
1413	1
1414	1
1415	1
1416	1
1417	1
1418	1
1419	1
1420	1
1421	1
1422	1
1423	1
1424	1
1425	1
1426	1
1427	1
1428	1
1429	1
1430	1
1431	1
1432	1
1433	1
1434	1
1435	1
1436	1
1437	1
1438	1
1439	1
1440	1
1441	1
1442	1
1443	1
1444	1
1445	1
1446	1
1447	1
1448	1
1449	1
1450	1
1451	1
1452	1
1453	1
1454	1
1455	1
1456	1
1457	1
1458	1
1459	1
1460	1
1461	1
1462	1
1463	1
1464	1
1465	1
1466	1
1467	1
1468	1
1469	1
1470	1
1471	1
1472	1
1473	1
1474	1
1475	1
1476	1
1477	1
1478	1
1479	1
1480	1
1481	1
1482	1
1483	1
1484	1
1485	1
1486	1
1487	1
1488	1
1489	1
1490	1
1491	1
1492	1
1493	1
1494	1
1495	1
1496	1
1497	1
1498	1
1499	1
1500	1
1501	1
1502	1
1503	1
1504	1
1505	1
1506	1
1507	1
1508	1
1509	1
1510	1
1511	1
1512	1
1513	1
1514	1
1515	1
1516	1
1517	1
1518	1
1519	1
1520	1
1521	1
1522	1
1523	1
1524	1
1525	1
1526	1
1527	1
1528	1
1529	1
1530	1
1531	1
1532	1
1533	1
1534	1
1535	1
1536	2
1537	2
1538	2
1539	2
1540	2
1541	2
1542	2
1543	2
1544	2
1545	2
1546	2
1547	2
1548	2
1549	2
1550	2
1551	2
1552	2
1553	2
1554	2
1555	2
1556	2
1557	2
1558	2
1559	2
1560	2
1561	2
1562	2
1563	2
1564	2
1565	2
1566	2
1567	2
1568	2
1569	2
1570	2
1571	2
1572	2
1573	2
1574	2
1575	2
1576	2
1577	2
1578	2
1579	2
1580	2
1581	2
1582	2
1583	2
1584	2
1585	2
1586	2
1587	2
1588	2
1589	2
1590	2
1591	2
1592	2
1593	2
1594	2
1595	2
1596	2
1597	2
1598	2
1599	2
1600	2
1601	2
1602	2
1603	2
1604	2
1605	2
1606	2
1607	2
1608	2
1609	2
1610	2
1611	2
1612	2
1613	2
1614	2
1615	2
1616	2
1617	2
1618	2
1619	2
1620	2
1621	2
1622	2
1623	2
1624	2
1625	2
1626	2
1627	2
1628	2
1629	2
1630	2
1631	2
1632	2
1633	2
1634	2
1635	2
1636	2
1637	2
1638	2
1639	2
1640	2
1641	2
1642	2
1643	2
1644	2
1645	2
1646	2
1647	2
1648	2
1649	2
1650	2
1651	2
1652	2
1653	2
1654	2
1655	2
1656	2
1657	2
1658	2
1659	2
1660	2
1661	2
1662	2
1663	2
1664	2
1665	2
1666	2
1667	2
1668	2
1669	2
1670	2
1671	2
1672	2
1673	2
1674	2
1675	2
1676	2
1677	2
1678	2
1679	2
1680	2
1681	2
1682	2
1683	2
1684	2
1685	2
1686	2
1687	2
1688	2
1689	2
1690	2
1691	2
1692	2
1693	2
1694	2
1695	2
1696	2
1697	2
1698	2
1699	2
1700	2
1701	2
1702	2
1703	2
1704	2
1705	2
1706	2
1707	2
1708	2
1709	2
1710	2
1711	2
1712	2
1713	2
1714	2
1715	2
1716	2
1717	2
1718	2
1719	2
1720	2
1721	2
1722	2
1723	2
1724	2
1725	2
1726	2
1727	2
1728	2
1729	2
1730	2
1731	2
1732	2
1733	2
1734	2
1735	2
1736	2
1737	2
1738	2
1739	2
1740	2
1741	2
1742	2
1743	2
1744	2
1745	2
1746	2
1747	2
1748	2
1749	2
1750	2
1751	2
1752	2
1753	2
1754	2
1755	2
1756	2
1757	2
1758	2
1759	2
1760	2
1761	2
1762	2
1763	2
1764	2
1765	2
1766	2
1767	2
1768	2
1769	2
1770	2
1771	2
1772	2
1773	2
1774	2
1775	2
1776	2
1777	2
1778	2
1779	2
1780	2
1781	2
1782	2
1783	2
1784	2
1785	2
1786	2
1787	2
1788	2
1789	2
1790	2
1791	2
1792	3
1793	3
1794	3
1795	3
1796	3
1797	3
1798	3
1799	3
1800	3
1801	3
1802	3
1803	3
1804	3
1805	3
1806	3
1807	3
1808	3
1809	3
1810	3
1811	3
1812	3
1813	3
1814	3
1815	3
1816	3
1817	3
1818	3
1819	3
1820	3
1821	3
1822	3
1823	3
1824	3
1825	3
1826	3
1827	3
1828	3
1829	3
1830	3
1831	3
1832	3
1833	3
1834	3
1835	3
1836	3
1837	3
1838	3
1839	3
1840	3
1841	3
1842	3
1843	3
1844	3
1845	3
1846	3
1847	3
1848	3
1849	3
1850	3
1851	3
1852	3
1853	3
1854	3
1855	3
1856	3
1857	3
1858	3
1859	3
1860	3
1861	3
1862	3
1863	3
1864	3
1865	3
1866	3
1867	3
1868	3
1869	3
1870	3
1871	3
1872	3
1873	3
1874	3
1875	3
1876	3
1877	3
1878	3
1879	3
1880	3
1881	3
1882	3
1883	3
1884	3
1885	3
1886	3
1887	3
1888	3
1889	3
1890	3
1891	3
1892	3
1893	3
1894	3
1895	3
1896	3
1897	3
1898	3
1899	3
1900	3
1901	3
1902	3
1903	3
1904	3
1905	3
1906	3
1907	3
1908	3
1909	3
1910	3
1911	3
1912	3
1913	3
