        0.0000   0.968069   0.391305   1.359374 
      100.0000  -0.063405   0.386647   0.323241 
      200.0000  -0.104535   0.391110   0.286575 
      300.0000  -0.153846   0.383681   0.229835 
      400.0000  -0.175621   0.387800   0.212179 
      500.0000  -0.188434   0.394504   0.206070 
      600.0000  -0.198298   0.385818   0.187520 
      700.0000  -0.205976   0.392098   0.186122 
      800.0000  -0.218766   0.380939   0.162173 
      900.0000  -0.234285   0.385580   0.151295 
     1000.0000  -0.226481   0.381429   0.154947 
     1100.0000  -0.232774   0.389826   0.157053 
     1200.0000  -0.234176   0.388285   0.154109 
     1300.0000  -0.237919   0.383747   0.145827 
     1400.0000  -0.242505   0.391616   0.149111 
     1500.0000  -0.238911   0.385896   0.146985 
     1600.0000  -0.253210   0.398907   0.145697 
     1700.0000  -0.246025   0.389330   0.143305 
     1800.0000  -0.250599   0.393229   0.142630 
     1900.0000  -0.237772   0.387821   0.150049 
     2000.0000  -0.234639   0.396921   0.162282 
     2100.0000  -0.229585   0.388352   0.158767 
     2200.0000  -0.239776   0.379007   0.139232 
     2300.0000  -0.243426   0.393599   0.150173 
     2400.0000  -0.241829   0.389289   0.147459 
     2500.0000  -0.246742   0.391560   0.144818 
     2600.0000  -0.238780   0.392076   0.153297 
     2700.0000  -0.237874   0.394873   0.156999 
     2800.0000  -0.247708   0.385735   0.138027 
     2900.0000  -0.239083   0.399012   0.159929 
     3000.0000  -0.243311   0.388334   0.145024 
     3100.0000  -0.231654   0.383494   0.151840 
     3200.0000  -0.232911   0.394110   0.161198 
     3300.0000  -0.237701   0.388123   0.150422 
     3400.0000  -0.246918   0.392136   0.145217 
     3500.0000  -0.247406   0.395579   0.148173 
     3600.0000  -0.244391   0.397667   0.153276 
     3700.0000  -0.247194   0.379835   0.132641 
     3800.0000  -0.238796   0.382072   0.143276 
     3900.0000  -0.237222   0.385020   0.147798 
     4000.0000  -0.254050   0.393462   0.139412 
     4100.0000  -0.257742   0.390671   0.132930 
     4200.0000  -0.258525   0.392198   0.133672 
     4300.0000  -0.262520   0.396091   0.133571 
     4400.0000  -0.268451   0.389779   0.121329 
     4500.0000  -0.268140   0.388034   0.119894 
     4600.0000  -0.278401   0.385800   0.107399 
     4700.0000  -0.261724   0.395732   0.134008 
     4800.0000  -0.262240   0.395272   0.133031 
     4900.0000  -0.259974   0.386434   0.126459 
     5000.0000  -0.264000   0.384263   0.120263 
     5100.0000  -0.270872   0.390362   0.119490 
     5200.0000  -0.262759   0.389440   0.126681 
     5300.0000  -0.259377   0.389113   0.129736 
     5400.0000  -0.243665   0.386702   0.143037 
     5500.0000  -0.235791   0.390412   0.154621 
     5600.0000  -0.242132   0.388969   0.146837 
     5700.0000  -0.250189   0.388459   0.138270 
     5800.0000  -0.255352   0.396277   0.140926 
     5900.0000  -0.253713   0.387787   0.134074 
     6000.0000  -0.266874   0.388384   0.121510 
     6100.0000  -0.277281   0.386290   0.109010 
     6200.0000  -0.265993   0.389755   0.123761 
     6300.0000  -0.271272   0.386280   0.115009 
     6400.0000  -0.275322   0.392409   0.117088 
     6500.0000  -0.285891   0.385292   0.099401 
     6600.0000  -0.292227   0.378926   0.086698 
     6700.0000  -0.287539   0.387994   0.100455 
     6800.0000  -0.289704   0.389190   0.099486 
     6900.0000  -0.281381   0.391556   0.110176 
     7000.0000  -0.267003   0.400495   0.133491 
     7100.0000  -0.267700   0.389976   0.122275 
     7200.0000  -0.275775   0.375162   0.099386 
     7300.0000  -0.269178   0.386298   0.117120 
     7400.0000  -0.272584   0.392107   0.119523 
     7500.0000  -0.258564   0.387548   0.128983 
     7600.0000  -0.249411   0.390121   0.140710 
     7700.0000  -0.240890   0.390164   0.149275 
     7800.0000  -0.243682   0.399288   0.155605 
     7900.0000  -0.246070   0.385677   0.139608 
     8000.0000  -0.234577   0.395680   0.161103 
     8100.0000  -0.239647   0.393219   0.153572 
     8200.0000  -0.254603   0.400740   0.146137 
     8300.0000  -0.249991   0.381011   0.131020 
     8400.0000  -0.246440   0.391823   0.145382 
     8500.0000  -0.253110   0.391319   0.138209 
     8600.0000  -0.263640   0.382598   0.118959 
     8700.0000  -0.265436   0.384465   0.119030 
     8800.0000  -0.265754   0.393147   0.127393 
     8900.0000  -0.265040   0.381619   0.116579 
     9000.0000  -0.266858   0.383549   0.116692 
     9100.0000  -0.245960   0.388172   0.142212 
     9200.0000  -0.246511   0.384089   0.137577 
     9300.0000  -0.245001   0.377620   0.132619 
     9400.0000  -0.251672   0.390179   0.138507 
     9500.0000  -0.243478   0.383314   0.139836 
     9600.0000  -0.243781   0.394835   0.151054 
     9700.0000  -0.244108   0.390698   0.146590 
     9800.0000  -0.238205   0.388779   0.150575 
     9900.0000  -0.240593   0.386405   0.145812 
    10000.0000  -0.237061   0.395007   0.157947 
    10100.0000  -0.233137   0.399131   0.165994 
    10200.0000  -0.236067   0.393464   0.157397 
    10300.0000  -0.249029   0.397363   0.148334 
    10400.0000  -0.254459   0.380608   0.126149 
    10500.0000  -0.256755   0.391033   0.134278 
    10600.0000  -0.270500   0.394255   0.123755 
    10700.0000  -0.256727   0.384208   0.127481 
    10800.0000  -0.251679   0.390068   0.138389 
    10900.0000  -0.252591   0.390975   0.138384 
    11000.0000  -0.252278   0.377690   0.125412 
    11100.0000  -0.254664   0.389310   0.134646 
    11200.0000  -0.245452   0.384846   0.139394 
    11300.0000  -0.246141   0.382405   0.136265 
    11400.0000  -0.254414   0.388342   0.133928 
    11500.0000  -0.251116   0.385936   0.134820 
    11600.0000  -0.260859   0.392501   0.131642 
    11700.0000  -0.261157   0.393490   0.132332 
    11800.0000  -0.253222   0.381941   0.128720 
    11900.0000  -0.260107   0.385666   0.125558 
    12000.0000  -0.250135   0.391343   0.141208 
    12100.0000  -0.254724   0.392027   0.137303 
    12200.0000  -0.253792   0.399259   0.145467 
    12300.0000  -0.260015   0.392193   0.132177 
    12400.0000  -0.272545   0.393672   0.121126 
    12500.0000  -0.265378   0.386843   0.121465 
    12600.0000  -0.263590   0.394454   0.130864 
    12700.0000  -0.260517   0.382732   0.122214 
    12800.0000  -0.256540   0.386068   0.129527 
    12900.0000  -0.265667   0.385122   0.119454 
    13000.0000  -0.267485   0.393376   0.125890 
    13100.0000  -0.271790   0.397413   0.125623 
    13200.0000  -0.253852   0.387601   0.133750 
    13300.0000  -0.245100   0.391751   0.146651 
    13400.0000  -0.241666   0.391189   0.149523 
    13500.0000  -0.230482   0.388501   0.158019 
    13600.0000  -0.243620   0.384354   0.140734 
    13700.0000  -0.253308   0.383927   0.130619 
    13800.0000  -0.265951   0.396320   0.130369 
    13900.0000  -0.253494   0.388250   0.134756 
    14000.0000  -0.255473   0.393094   0.137621 
    14100.0000  -0.238556   0.386626   0.148070 
    14200.0000  -0.231826   0.383299   0.151473 
    14300.0000  -0.240713   0.391452   0.150739 
    14400.0000  -0.234275   0.390972   0.156697 
    14500.0000  -0.246214   0.389277   0.143063 
    14600.0000  -0.248227   0.383779   0.135552 
    14700.0000  -0.237120   0.391989   0.154869 
    14800.0000  -0.237970   0.390524   0.152554 
    14900.0000  -0.236240   0.389801   0.153560 
    15000.0000  -0.252174   0.388279   0.136105 
    15100.0000  -0.257539   0.388062   0.130523 
    15200.0000  -0.246468   0.390920   0.144452 
    15300.0000  -0.248300   0.394126   0.145825 
    15400.0000  -0.232693   0.393637   0.160944 
    15500.0000  -0.256684   0.387764   0.131080 
    15600.0000  -0.251463   0.391303   0.139840 
    15700.0000  -0.243990   0.380962   0.136972 
    15800.0000  -0.245330   0.393969   0.148639 
    15900.0000  -0.262004   0.388653   0.126649 
    16000.0000  -0.246003   0.390115   0.144113 
    16100.0000  -0.238149   0.394087   0.155938 
    16200.0000  -0.235480   0.394557   0.159077 
    16300.0000  -0.237595   0.384774   0.147180 
    16400.0000  -0.239561   0.391415   0.151854 
    16500.0000  -0.249264   0.380851   0.131587 
    16600.0000  -0.249761   0.387092   0.137330 
    16700.0000  -0.245707   0.385741   0.140034 
    16800.0000  -0.240559   0.387478   0.146920 
    16900.0000  -0.241552   0.392247   0.150695 
    17000.0000  -0.238459   0.388525   0.150066 
    17100.0000  -0.244004   0.397667   0.153663 
    17200.0000  -0.248203   0.383107   0.134904 
    17300.0000  -0.253380   0.395532   0.142152 
    17400.0000  -0.253195   0.390962   0.137767 
    17500.0000  -0.252236   0.393885   0.141649 
    17600.0000  -0.253461   0.385551   0.132090 
    17700.0000  -0.253524   0.396011   0.142487 
    17800.0000  -0.240739   0.380887   0.140148 
    17900.0000  -0.258727   0.383259   0.124532 
    18000.0000  -0.242878   0.390042   0.147165 
    18100.0000  -0.248994   0.379481   0.130488 
    18200.0000  -0.262492   0.393051   0.130560 
    18300.0000  -0.248903   0.396566   0.147662 
    18400.0000  -0.248468   0.401288   0.152821 
    18500.0000  -0.243780   0.391802   0.148022 
    18600.0000  -0.248604   0.384414   0.135811 
    18700.0000  -0.266902   0.383191   0.116289 
    18800.0000  -0.260224   0.396940   0.136716 
    18900.0000  -0.239858   0.392971   0.153113 
    19000.0000  -0.237752   0.388018   0.150266 
    19100.0000  -0.249682   0.388958   0.139276 
    19200.0000  -0.257362   0.385554   0.128193 
    19300.0000  -0.254411   0.386404   0.131993 
    19400.0000  -0.247741   0.388720   0.140979 
    19500.0000  -0.255791   0.396587   0.140796 
    19600.0000  -0.255668   0.381839   0.126171 
    19700.0000  -0.242791   0.388533   0.145742 
    19800.0000  -0.249973   0.389565   0.139592 
    19900.0000  -0.250994   0.390669   0.139674 
    20000.0000  -0.247556   0.397940   0.150384 
    20100.0000  -0.251285   0.388024   0.136739 
    20200.0000  -0.249259   0.389846   0.140587 
    20300.0000  -0.257412   0.398469   0.141057 
    20400.0000  -0.261825   0.394625   0.132800 
    20500.0000  -0.254876   0.396197   0.141321 
    20600.0000  -0.248913   0.384622   0.135709 
    20700.0000  -0.242893   0.385173   0.142281 
    20800.0000  -0.244072   0.395924   0.151852 
    20900.0000  -0.246047   0.396214   0.150167 
    21000.0000  -0.245492   0.389608   0.144116 
    21100.0000  -0.243184   0.388852   0.145667 
    21200.0000  -0.259225   0.387685   0.128460 
    21300.0000  -0.254722   0.390178   0.135456 
    21400.0000  -0.257958   0.378556   0.120597 
    21500.0000  -0.268499   0.390016   0.121517 
    21600.0000  -0.260139   0.395112   0.134973 
    21700.0000  -0.262306   0.387702   0.125396 
    21800.0000  -0.253036   0.400385   0.147348 
    21900.0000  -0.262550   0.389390   0.126841 
    22000.0000  -0.275402   0.387908   0.112506 
    22100.0000  -0.284998   0.390248   0.105250 
    22200.0000  -0.291793   0.389819   0.098026 
    22300.0000  -0.289740   0.390670   0.100930 
    22400.0000  -0.280336   0.388226   0.107890 
    22500.0000  -0.270723   0.388652   0.117930 
    22600.0000  -0.267993   0.394695   0.126702 
    22700.0000  -0.280922   0.384945   0.104022 
    22800.0000  -0.278016   0.397918   0.119902 
    22900.0000  -0.268606   0.388481   0.119874 
    23000.0000  -0.265707   0.395922   0.130215 
    23100.0000  -0.267874   0.393552   0.125678 
    23200.0000  -0.253009   0.387241   0.134232 
    23300.0000  -0.254051   0.387584   0.133533 
    23400.0000  -0.254871   0.394532   0.139660 
    23500.0000  -0.248732   0.385731   0.136999 
    23600.0000  -0.249792   0.391166   0.141375 
    23700.0000  -0.256033   0.394561   0.138528 
    23800.0000  -0.262248   0.390773   0.128525 
    23900.0000  -0.263043   0.386940   0.123896 
    24000.0000  -0.268161   0.401954   0.133793 
    24100.0000  -0.269530   0.388518   0.118987 
    24200.0000  -0.275850   0.383385   0.107535 
    24300.0000  -0.275529   0.397479   0.121950 
    24400.0000  -0.273937   0.395701   0.121765 
    24500.0000  -0.269013   0.388394   0.119381 
    24600.0000  -0.265440   0.396838   0.131397 
    24700.0000  -0.286767   0.390946   0.104179 
    24800.0000  -0.288080   0.393781   0.105701 
    24900.0000  -0.285395   0.393833   0.108438 
    25000.0000  -0.273142   0.382896   0.109754 
    25100.0000  -0.269501   0.384715   0.115215 
    25200.0000  -0.260617   0.388030   0.127413 
    25300.0000  -0.247806   0.394171   0.146364 
    25400.0000  -0.235966   0.390697   0.154731 
    25500.0000  -0.252322   0.391760   0.139439 
    25600.0000  -0.268989   0.393915   0.124926 
    25700.0000  -0.271992   0.396166   0.124174 
    25800.0000  -0.269039   0.386243   0.117203 
    25900.0000  -0.261223   0.394375   0.133152 
    26000.0000  -0.262243   0.391256   0.129013 
    26100.0000  -0.268103   0.389210   0.121107 
    26200.0000  -0.267469   0.379217   0.111748 
    26300.0000  -0.269884   0.385433   0.115549 
    26400.0000  -0.273971   0.394191   0.120219 
    26500.0000  -0.267429   0.393308   0.125879 
    26600.0000  -0.268006   0.382975   0.114969 
    26700.0000  -0.272423   0.388851   0.116428 
    26800.0000  -0.258711   0.401224   0.142513 
