        0.0000   0.968069   0.373245   1.341314 
      100.0000  -0.072004   0.375559   0.303555 
      200.0000  -0.127607   0.378391   0.250784 
      300.0000  -0.170659   0.373234   0.202575 
      400.0000  -0.208068   0.364499   0.156431 
      500.0000  -0.239186   0.373683   0.134497 
      600.0000  -0.252888   0.370010   0.117122 
      700.0000  -0.268571   0.374913   0.106341 
      800.0000  -0.283239   0.374208   0.090969 
      900.0000  -0.294267   0.372508   0.078241 
     1000.0000  -0.299811   0.366863   0.067051 
     1100.0000  -0.314313   0.380937   0.066624 
     1200.0000  -0.323925   0.367289   0.043364 
     1300.0000  -0.331862   0.375820   0.043959 
     1400.0000  -0.330809   0.369994   0.039185 
     1500.0000  -0.353289   0.362655   0.009366 
     1600.0000  -0.364987   0.358674  -0.006313 
     1700.0000  -0.368694   0.374525   0.005831 
     1800.0000  -0.374831   0.377040   0.002209 
     1900.0000  -0.371863   0.367251  -0.004612 
     2000.0000  -0.371079   0.368015  -0.003064 
     2100.0000  -0.373233   0.371903  -0.001331 
     2200.0000  -0.390429   0.368160  -0.022268 
     2300.0000  -0.406487   0.376227  -0.030260 
     2400.0000  -0.398277   0.369663  -0.028614 
     2500.0000  -0.409810   0.376200  -0.033610 
     2600.0000  -0.417548   0.372817  -0.044731 
     2700.0000  -0.405091   0.370730  -0.034361 
     2800.0000  -0.414156   0.368307  -0.045849 
     2900.0000  -0.421634   0.369402  -0.052231 
     3000.0000  -0.416212   0.375831  -0.040381 
     3100.0000  -0.416571   0.372597  -0.043974 
     3200.0000  -0.406835   0.372803  -0.034032 
     3300.0000  -0.396698   0.375695  -0.021004 
     3400.0000  -0.405372   0.375489  -0.029883 
     3500.0000  -0.401694   0.371532  -0.030162 
     3600.0000  -0.400145   0.371321  -0.028824 
     3700.0000  -0.401583   0.374778  -0.026805 
     3800.0000  -0.413727   0.368367  -0.045361 
     3900.0000  -0.418487   0.376990  -0.041497 
     4000.0000  -0.421803   0.370784  -0.051019 
     4100.0000  -0.430074   0.376714  -0.053360 
     4200.0000  -0.435070   0.366504  -0.068565 
     4300.0000  -0.430119   0.379428  -0.050690 
     4400.0000  -0.434538   0.369882  -0.064656 
     4500.0000  -0.447835   0.368442  -0.079394 
     4600.0000  -0.450067   0.375038  -0.075029 
     4700.0000  -0.448022   0.373679  -0.074343 
     4800.0000  -0.438734   0.375624  -0.063110 
     4900.0000  -0.448956   0.367354  -0.081602 
     5000.0000  -0.435301   0.372928  -0.062374 
     5100.0000  -0.429690   0.371265  -0.058425 
     5200.0000  -0.432863   0.382517  -0.050346 
     5300.0000  -0.439479   0.372640  -0.066839 
     5400.0000  -0.433496   0.373775  -0.059720 
     5500.0000  -0.423797   0.374988  -0.048809 
     5600.0000  -0.438246   0.368760  -0.069487 
     5700.0000  -0.440412   0.367938  -0.072473 
     5800.0000  -0.441633   0.367487  -0.074146 
     5900.0000  -0.446191   0.368360  -0.077831 
     6000.0000  -0.451544   0.380021  -0.071523 
     6100.0000  -0.459316   0.377630  -0.081687 
     6200.0000  -0.461551   0.378588  -0.082963 
     6300.0000  -0.467660   0.367229  -0.100431 
     6400.0000  -0.460895   0.377592  -0.083302 
     6500.0000  -0.456420   0.369672  -0.086748 
     6600.0000  -0.452925   0.376156  -0.076769 
     6700.0000  -0.461729   0.372073  -0.089656 
     6800.0000  -0.470028   0.375887  -0.094141 
     6900.0000  -0.474422   0.368762  -0.105660 
     7000.0000  -0.473235   0.372491  -0.100744 
     7100.0000  -0.452386   0.366577  -0.085808 
     7200.0000  -0.450884   0.373288  -0.077596 
     7300.0000  -0.441903   0.366944  -0.074959 
     7400.0000  -0.454790   0.367128  -0.087663 
     7500.0000  -0.444318   0.373400  -0.070919 
     7600.0000  -0.451945   0.374807  -0.077138 
     7700.0000  -0.455016   0.376857  -0.078160 
     7800.0000  -0.442298   0.371292  -0.071006 
     7900.0000  -0.435286   0.371325  -0.063961 
     8000.0000  -0.451818   0.374152  -0.077665 
     8100.0000  -0.446718   0.363079  -0.083639 
     8200.0000  -0.455775   0.369430  -0.086344 
     8300.0000  -0.457777   0.382292  -0.075485 
     8400.0000  -0.450200   0.378230  -0.071970 
     8500.0000  -0.468089   0.375505  -0.092584 
     8600.0000  -0.441234   0.378045  -0.063190 
     8700.0000  -0.439046   0.371247  -0.067800 
     8800.0000  -0.437784   0.370297  -0.067487 
     8900.0000  -0.457522   0.375979  -0.081543 
     9000.0000  -0.459605   0.375048  -0.084557 
     9100.0000  -0.444512   0.369908  -0.074604 
     9200.0000  -0.461615   0.375585  -0.086029 
     9300.0000  -0.458606   0.363473  -0.095133 
     9400.0000  -0.453485   0.370483  -0.083001 
     9500.0000  -0.450453   0.370667  -0.079786 
     9600.0000  -0.448911   0.369781  -0.079130 
     9700.0000  -0.450520   0.374073  -0.076447 
     9800.0000  -0.445823   0.373016  -0.072807 
     9900.0000  -0.440376   0.376866  -0.063510 
    10000.0000  -0.442491   0.369942  -0.072549 
    10100.0000  -0.450418   0.368057  -0.082361 
    10200.0000  -0.464210   0.366575  -0.097635 
    10300.0000  -0.441348   0.368237  -0.073111 
    10400.0000  -0.440263   0.390866  -0.049397 
    10500.0000  -0.435516   0.371537  -0.063979 
    10600.0000  -0.433168   0.367663  -0.065505 
    10700.0000  -0.442759   0.380351  -0.062408 
    10800.0000  -0.421502   0.369901  -0.051601 
    10900.0000  -0.435602   0.375811  -0.059791 
    11000.0000  -0.448278   0.368020  -0.080258 
    11100.0000  -0.457666   0.375833  -0.081833 
    11200.0000  -0.443086   0.368631  -0.074455 
    11300.0000  -0.450095   0.367182  -0.082913 
    11400.0000  -0.449385   0.375321  -0.074064 
    11500.0000  -0.433396   0.375018  -0.058378 
    11600.0000  -0.449221   0.369365  -0.079856 
    11700.0000  -0.452767   0.362446  -0.090320 
    11800.0000  -0.454062   0.381988  -0.072074 
    11900.0000  -0.452691   0.369187  -0.083504 
    12000.0000  -0.443845   0.380287  -0.063558 
    12100.0000  -0.447093   0.364880  -0.082214 
    12200.0000  -0.441495   0.368287  -0.073208 
    12300.0000  -0.449360   0.379424  -0.069936 
    12400.0000  -0.446944   0.370149  -0.076795 
    12500.0000  -0.441650   0.368958  -0.072692 
    12600.0000  -0.437262   0.372094  -0.065168 
    12700.0000  -0.444075   0.362499  -0.081577 
    12800.0000  -0.447963   0.366053  -0.081910 
    12900.0000  -0.453863   0.366139  -0.087723 
    13000.0000  -0.447313   0.378507  -0.068806 
    13100.0000  -0.435551   0.366824  -0.068726 
    13200.0000  -0.449850   0.374836  -0.075014 
    13300.0000  -0.444544   0.368617  -0.075926 
    13400.0000  -0.452720   0.365186  -0.087533 
    13500.0000  -0.437635   0.365720  -0.071915 
    13600.0000  -0.429422   0.367926  -0.061497 
    13700.0000  -0.424207   0.370967  -0.053240 
    13800.0000  -0.431745   0.369862  -0.061883 
    13900.0000  -0.440808   0.366215  -0.074593 
    14000.0000  -0.436977   0.375262  -0.061715 
    14100.0000  -0.433307   0.373899  -0.059408 
    14200.0000  -0.427185   0.374575  -0.052610 
    14300.0000  -0.437810   0.372134  -0.065676 
    14400.0000  -0.429973   0.379353  -0.050620 
    14500.0000  -0.429754   0.367490  -0.062264 
    14600.0000  -0.447075   0.375589  -0.071486 
    14700.0000  -0.445681   0.376954  -0.068727 
    14800.0000  -0.450528   0.370683  -0.079845 
    14900.0000  -0.426119   0.381925  -0.044195 
    15000.0000  -0.430224   0.372043  -0.058181 
    15100.0000  -0.423969   0.383914  -0.040055 
    15200.0000  -0.426053   0.376108  -0.049945 
    15300.0000  -0.436142   0.373277  -0.062865 
    15400.0000  -0.424914   0.378697  -0.046217 
    15500.0000  -0.449378   0.370577  -0.078801 
    15600.0000  -0.440576   0.368522  -0.072054 
    15700.0000  -0.439911   0.371687  -0.068223 
    15800.0000  -0.438679   0.376285  -0.062395 
    15900.0000  -0.456119   0.379975  -0.076144 
    16000.0000  -0.450421   0.370279  -0.080143 
    16100.0000  -0.440469   0.371891  -0.068577 
    16200.0000  -0.427201   0.367308  -0.059893 
    16300.0000  -0.434256   0.378715  -0.055541 
    16400.0000  -0.446557   0.374114  -0.072443 
    16500.0000  -0.455128   0.369424  -0.085704 
    16600.0000  -0.469137   0.376392  -0.092745 
    16700.0000  -0.462179   0.368979  -0.093200 
    16800.0000  -0.448334   0.369108  -0.079226 
    16900.0000  -0.438053   0.378945  -0.059108 
    17000.0000  -0.440619   0.371846  -0.068773 
    17100.0000  -0.441729   0.368183  -0.073546 
    17200.0000  -0.447350   0.366335  -0.081015 
    17300.0000  -0.445370   0.379732  -0.065638 
    17400.0000  -0.442246   0.367984  -0.074262 
    17500.0000  -0.440169   0.365761  -0.074407 
    17600.0000  -0.445221   0.369427  -0.075795 
    17700.0000  -0.448065   0.380371  -0.067694 
    17800.0000  -0.451765   0.371291  -0.080474 
    17900.0000  -0.443746   0.375915  -0.067832 
    18000.0000  -0.439943   0.372778  -0.067165 
    18100.0000  -0.442043   0.372857  -0.069186 
    18200.0000  -0.456713   0.383011  -0.073702 
    18300.0000  -0.434702   0.365175  -0.069527 
    18400.0000  -0.453887   0.368595  -0.085292 
    18500.0000  -0.472344   0.372117  -0.100227 
    18600.0000  -0.483157   0.375356  -0.107801 
    18700.0000  -0.468025   0.370548  -0.097477 
    18800.0000  -0.466611   0.365078  -0.101533 
    18900.0000  -0.468362   0.370281  -0.098081 
    19000.0000  -0.465797   0.379460  -0.086338 
    19100.0000  -0.459817   0.378709  -0.081107 
    19200.0000  -0.447004   0.363689  -0.083316 
    19300.0000  -0.458401   0.373730  -0.084670 
    19400.0000  -0.461846   0.369375  -0.092471 
    19500.0000  -0.452309   0.375771  -0.076538 
    19600.0000  -0.447573   0.376303  -0.071270 
    19700.0000  -0.440634   0.368134  -0.072500 
    19800.0000  -0.459037   0.372679  -0.086358 
    19900.0000  -0.446655   0.365691  -0.080963 
    20000.0000  -0.451671   0.371952  -0.079719 
    20100.0000  -0.455817   0.366446  -0.089371 
    20200.0000  -0.459075   0.366251  -0.092824 
    20300.0000  -0.450901   0.373781  -0.077120 
    20400.0000  -0.441443   0.370711  -0.070731 
    20500.0000  -0.435198   0.367901  -0.067297 
    20600.0000  -0.444107   0.371070  -0.073036 
    20700.0000  -0.438891   0.372231  -0.066660 
    20800.0000  -0.434707   0.364368  -0.070339 
    20900.0000  -0.446165   0.367999  -0.078165 
    21000.0000  -0.437684   0.365639  -0.072045 
    21100.0000  -0.442172   0.365571  -0.076601 
    21200.0000  -0.444277   0.366689  -0.077588 
    21300.0000  -0.437646   0.373415  -0.064231 
    21400.0000  -0.436789   0.374079  -0.062709 
    21500.0000  -0.435984   0.376922  -0.059062 
    21600.0000  -0.452601   0.371472  -0.081129 
    21700.0000  -0.450477   0.371384  -0.079093 
    21800.0000  -0.455020   0.366933  -0.088087 
    21900.0000  -0.450864   0.374622  -0.076242 
    22000.0000  -0.459654   0.373364  -0.086289 
    22100.0000  -0.462434   0.370338  -0.092096 
    22200.0000  -0.448815   0.367235  -0.081580 
    22300.0000  -0.445421   0.368218  -0.077203 
    22400.0000  -0.445790   0.374482  -0.071308 
    22500.0000  -0.450751   0.378235  -0.072515 
    22600.0000  -0.434570   0.375139  -0.059430 
    22700.0000  -0.438116   0.370509  -0.067607 
    22800.0000  -0.434327   0.367729  -0.066599 
    22900.0000  -0.430003   0.373234  -0.056770 
    23000.0000  -0.444004   0.368998  -0.075006 
    23100.0000  -0.437982   0.373450  -0.064533 
    23200.0000  -0.447544   0.369134  -0.078409 
    23300.0000  -0.446087   0.374579  -0.071508 
    23400.0000  -0.438914   0.378648  -0.060266 
    23500.0000  -0.447720   0.371013  -0.076707 
    23600.0000  -0.441584   0.381384  -0.060200 
    23700.0000  -0.449925   0.373453  -0.076472 
    23800.0000  -0.437447   0.369427  -0.068020 
    23900.0000  -0.452862   0.378146  -0.074715 
    24000.0000  -0.448334   0.370335  -0.077999 
    24100.0000  -0.439314   0.373937  -0.065377 
    24200.0000  -0.450166   0.368866  -0.081300 
    24300.0000  -0.432678   0.367275  -0.065403 
    24400.0000  -0.434611   0.369117  -0.065494 
    24500.0000  -0.443640   0.368980  -0.074660 
    24600.0000  -0.442702   0.372597  -0.070106 
    24700.0000  -0.453508   0.368732  -0.084776 
    24800.0000  -0.470569   0.374605  -0.095964 
    24900.0000  -0.459073   0.375545  -0.083529 
    25000.0000  -0.454511   0.368503  -0.086008 
    25100.0000  -0.433453   0.362728  -0.070724 
    25200.0000  -0.431323   0.371156  -0.060166 
    25300.0000  -0.454295   0.381034  -0.073261 
    25400.0000  -0.450269   0.375744  -0.074525 
    25500.0000  -0.441913   0.366505  -0.075409 
    25600.0000  -0.438448   0.369888  -0.068560 
    25700.0000  -0.437561   0.373017  -0.064544 
    25800.0000  -0.448112   0.371571  -0.076541 
    25900.0000  -0.432927   0.375048  -0.057879 
    26000.0000  -0.443985   0.369884  -0.074101 
    26100.0000  -0.421675   0.374181  -0.047493 
    26200.0000  -0.426643   0.372424  -0.054219 
    26300.0000  -0.417152   0.365708  -0.051444 
    26400.0000  -0.419794   0.374857  -0.044937 
    26500.0000  -0.423718   0.374380  -0.049338 
    26600.0000  -0.429389   0.364443  -0.064946 
    26700.0000  -0.436361   0.364768  -0.071593 
    26800.0000  -0.428424   0.366606  -0.061818 
    26900.0000  -0.410426   0.372290  -0.038136 
    27000.0000  -0.413180   0.359919  -0.053261 
    27100.0000  -0.417590   0.366917  -0.050673 
    27200.0000  -0.442966   0.365700  -0.077265 
    27300.0000  -0.467614   0.364247  -0.103367 
    27400.0000  -0.467984   0.373814  -0.094169 
    27500.0000  -0.458405   0.369919  -0.088486 
    27600.0000  -0.458433   0.374938  -0.083495 
    27700.0000  -0.454494   0.373692  -0.080802 
    27800.0000  -0.462181   0.376529  -0.085652 
    27900.0000  -0.464411   0.361108  -0.103303 
    28000.0000  -0.475767   0.379807  -0.095961 
    28100.0000  -0.465975   0.367527  -0.098448 
    28200.0000  -0.456754   0.369007  -0.087747 
    28300.0000  -0.466060   0.377096  -0.088965 
    28400.0000  -0.455594   0.374175  -0.081419 
    28500.0000  -0.449217   0.374498  -0.074719 
    28600.0000  -0.440978   0.374084  -0.066894 
    28700.0000  -0.437402   0.369908  -0.067493 
