t = 4000000
b = 105 105 105
E = -0.777067491998555 -0.777067491998555 0
-13.6606431137329 -12.466747586555 -12.744057031174 0.707106781186548 0.707106781186548 0 0 0 -1 0 0 0 0 0 0
13.5176403893182 -1.3765031699285 21.8227924354199 0.707106781186548 0.707106781186548 0 0 0 -1 0 0 0 0 0 0
1.9728832511001 17.954437861353 -8.63183807241664 0.707106781186548 0.707106781186548 0 0 0 -1 0 0 0 0 0 0
21.2379686193325 -13.0363581684699 -4.537001186603 0.707106781186548 0.707106781186548 0 0 0 -1 0 0 0 0 0 0
-16.1852114508068 15.7071423768982 3.63428935082386 0.707106781186548 0.707106781186548 0 0 0 -1 0 0 0 0 0 0
5.55157700153123 -23.7604948373395 4.0944927658805 0.707106781186548 0.707106781186548 0 0 0 -1 0 0 0 0 0 0
-19.1467711533751 -13.2161350200991 10.726980611528 0.707106781186548 0.707106781186548 0 0 0 -1 0 0 0 0 0 0
11.1654562518477 10.6339643339271 -19.7092771520805 0.707106781186548 0.707106781186548 0 0 0 -1 0 0 0 0 0 0
-9.74012807296471 -7.72331932823471 23.3215054969588 0.707106781186548 0.707106781186548 0 0 0 -1 0 0 0 0 0 0
14.3632652742027 19.7653461629512 5.82800411976193 0.707106781186548 0.707106781186548 0 0 0 -1 0 0 0 0 0 0
6.93995423812128 13.7935797048854 13.8989633009493 0.707106781186548 0.707106781186548 0 0 0 -1 0 0 0 0 0 0
-22.9876912509182 1.29251503750609 -7.14995631614537 0.707106781186548 0.707106781186548 0 0 0 -1 0 0 0 0 0 0
-9.43854265321639 0.6222327038508 -19.7305609737547 0.707106781186548 0.707106781186548 0 0 0 -1 0 0 0 0 0 0
3.04616517906272 -17.8100748156723 -7.15176660787116 0.707106781186548 0.707106781186548 0 0 0 -1 0 0 0 0 0 0
18.8259809876877 6.21052063305442 5.13677768776397 0.707106781186548 0.707106781186548 0 0 0 -1 0 0 0 0 0 0
-16.2619270332458 17.2786605780787 -10.6004739828716 0.707106781186548 0.707106781186548 0 0 0 -1 0 0 0 0 0 0
-11.2556283144677 -22.4634618120371 -4.90280525867053 0.707106781186548 0.707106781186548 0 0 0 -1 0 0 0 0 0 0
-20.2104571617666 3.90388539154748 11.4131803282565 0.707106781186548 0.707106781186548 0 0 0 -1 0 0 0 0 0 0
5.01320572230059 -18.2163054141158 15.8582186558788 0.707106781186548 0.707106781186548 0 0 0 -1 0 0 0 0 0 0
-3.1250044403369 18.8326691426986 15.2076039458734 0.707106781186548 0.707106781186548 0 0 0 -1 0 0 0 0 0 0
-1.18203668980409 1.88877335199626 26.1115587860921 0.707106781186548 0.707106781186548 0 0 0 -1 0 0 0 0 0 0
18.3621235947675 10.5266637405454 -6.61696769239313 0.707106781186548 0.707106781186548 0 0 0 -1 0 0 0 0 0 0
19.6190676422912 -4.00904033770201 14.4771057447897 0.707106781186548 0.707106781186548 0 0 0 -1 0 0 0 0 0 0
17.2611542704083 -7.10790781316133 -14.3288596674987 0.707106781186548 0.707106781186548 0 0 0 -1 0 0 0 0 0 0
-9.6022246019526 2.6304415820097 18.6247464382622 0.707106781186548 0.707106781186548 0 0 0 -1 0 0 0 0 0 0
1.3968106555842 -5.65606308230066 -21.9389104411827 0.707106781186548 0.707106781186548 0 0 0 -1 0 0 0 0 0 0
-1.92468475291597 8.30826652044188 -18.1348426031165 0.707106781186548 0.707106781186548 0 0 0 -1 0 0 0 0 0 0
-1.2862163143642 -14.9254851877403 -13.2335100150073 0.707106781186548 0.707106781186548 0 0 0 -1 0 0 0 0 0 0
11.8826466768409 -18.4990094800135 6.1753996169029 0.707106781186548 0.707106781186548 0 0 0 -1 0 0 0 0 0 0
3.68169627052073 -11.7109304444542 20.6387564263514 0.707106781186548 0.707106781186548 0 0 0 -1 0 0 0 0 0 0
-10.3620117822952 -13.5595708504019 9.46179965199668 0.707106781186548 0.707106781186548 0 0 0 -1 0 0 0 0 0 0
20.0922669644573 -0.149475897786864 -9.7891355131035 0.707106781186548 0.707106781186548 0 0 0 -1 0 0 0 0 0 0
-9.02605975752417 16.7783415757533 15.8264506800777 0.707106781186548 0.707106781186548 0 0 0 -1 0 0 0 0 0 0
2.44032347192128 -23.0753801011241 11.3802984907415 0.707106781186548 0.707106781186548 0 0 0 -1 0 0 0 0 0 0
-19.2061254134564 3.46302458506051 -13.9521286316803 0.707106781186548 0.707106781186548 0 0 0 -1 0 0 0 0 0 0
7.37242150561035 21.2590514340269 9.68454265069152 0.707106781186548 0.707106781186548 0 0 0 -1 0 0 0 0 0 0
12.8931782001523 12.8129163334125 16.4472580965618 0.707106781186548 0.707106781186548 0 0 0 -1 0 0 0 0 0 0
2.50963552721063 12.7390998884761 15.0723163905441 0.707106781186548 0.707106781186548 0 0 0 -1 0 0 0 0 0 0
-9.07644117419211 22.4546460421994 -1.42164576225405 0.707106781186548 0.707106781186548 0 0 0 -1 0 0 0 0 0 0
21.6048016798077 -4.22538682143546 3.60370891148058 0.707106781186548 0.707106781186548 0 0 0 -1 0 0 0 0 0 0
-1.97870359868703 -21.8564690454555 -5.70681236578383 0.707106781186548 0.707106781186548 0 0 0 -1 0 0 0 0 0 0
19.5622796182639 11.8258457148327 -1.0384765900826 0.707106781186548 0.707106781186548 0 0 0 -1 0 0 0 0 0 0
13.9246582224335 -8.99848892716231 11.5804604264101 0.707106781186548 0.707106781186548 0 0 0 -1 0 0 0 0 0 0
-19.8359001310664 -4.18001453366709 12.1785654258868 0.707106781186548 0.707106781186548 0 0 0 -1 0 0 0 0 0 0
8.59275310350907 -14.4674935936661 -8.83617239222847 0.707106781186548 0.707106781186548 0 0 0 -1 0 0 0 0 0 0
8.53216639675274 18.0151104567142 -5.10695905221428 0.707106781186548 0.707106781186548 0 0 0 -1 0 0 0 0 0 0
-21.1752557631628 -4.86972188082147 -4.56426978418843 0.707106781186548 0.707106781186548 0 0 0 -1 0 0 0 0 0 0
-17.0170790085861 10.0522857330654 -11.6079899326402 0.707106781186548 0.707106781186548 0 0 0 -1 0 0 0 0 0 0
7.83680496778079 -1.46352199537452 -18.8231734886429 0.707106781186548 0.707106781186548 0 0 0 -1 0 0 0 0 0 0
-21.1085420722925 11.3020499636076 10.4736177528024 0.707106781186548 0.707106781186548 0 0 0 -1 0 0 0 0 0 0
-14.4531629066979 -15.7411030237458 5.27277440041736 0.707106781186548 0.707106781186548 0 0 0 -1 0 0 0 0 0 0
-18.3574098518765 5.45133305636981 1.80459887669867 0.707106781186548 0.707106781186548 0 0 0 -1 0 0 0 0 0 0
-21.8116639276859 -4.08117131454162 -15.0407414763798 0.707106781186548 0.707106781186548 0 0 0 -1 0 0 0 0 0 0
-7.0572474019551 -0.494992492064776 25.8455695389309 0.707106781186548 0.707106781186548 0 0 0 -1 0 0 0 0 0 0
-0.141328218709168 21.6230873632969 9.52424319171709 0.707106781186548 0.707106781186548 0 0 0 -1 0 0 0 0 0 0
-14.5300107954446 19.6829933283131 -4.80379841048373 0.707106781186548 0.707106781186548 0 0 0 -1 0 0 0 0 0 0
1.83451290000655 -22.9678712263257 -0.460369122538086 0.707106781186548 0.707106781186548 0 0 0 -1 0 0 0 0 0 0
-17.8482793644733 7.72322814499961 14.5579281387686 0.707106781186548 0.707106781186548 0 0 0 -1 0 0 0 0 0 0
-3.90780239841083 -0.0943497664187194 -21.0425171711284 0.707106781186548 0.707106781186548 0 0 0 -1 0 0 0 0 0 0
-7.4938169637723 -15.7977068479221 -11.2022332458679 0.707106781186548 0.707106781186548 0 0 0 -1 0 0 0 0 0 0
-10.4772506614836 -12.8314571626645 16.8996176666501 0.707106781186548 0.707106781186548 0 0 0 -1 0 0 0 0 0 0
-7.17016246072073 18.6523224766633 -13.886089068885 0.707106781186548 0.707106781186548 0 0 0 -1 0 0 0 0 0 0
15.3912858942581 18.9646524430263 -1.1851117699645 0.707106781186548 0.707106781186548 0 0 0 -1 0 0 0 0 0 0
18.896156290572 6.78764419511582 17.3953572141806 0.707106781186548 0.707106781186548 0 0 0 -1 0 0 0 0 0 0
-0.565526149556724 6.81959592827836 19.5625212588459 0.707106781186548 0.707106781186548 0 0 0 -1 0 0 0 0 0 0
-0.698341261010263 -9.38390643062783 27.4909686464688 0.707106781186548 0.707106781186548 0 0 0 -1 0 0 0 0 0 0
11.4347481887999 -15.3195619654524 13.5733911933156 0.707106781186548 0.707106781186548 0 0 0 -1 0 0 0 0 0 0
18.2173137401088 -17.1153904191943 1.33542497521222 0.707106781186548 0.707106781186548 0 0 0 -1 0 0 0 0 0 0
0.901114602280064 -10.3001545916303 -14.5886866069492 0.707106781186548 0.707106781186548 0 0 0 -1 0 0 0 0 0 0
22.0299702211102 -6.51201061839059 -7.87983257207504 0.707106781186548 0.707106781186548 0 0 0 -1 0 0 0 0 0 0
11.5175933622783 15.2047626173476 -11.7920041853992 0.707106781186548 0.707106781186548 0 0 0 -1 0 0 0 0 0 0
5.91229053331161 -2.77800449640445 27.0426330473496 0.707106781186548 0.707106781186548 0 0 0 -1 0 0 0 0 0 0
19.4899215843527 -1.84561210774748 6.92457766206088 0.707106781186548 0.707106781186548 0 0 0 -1 0 0 0 0 0 0
4.14513386166207 4.93251911621334 -17.9987680007442 0.707106781186548 0.707106781186548 0 0 0 -1 0 0 0 0 0 0
17.2936716227661 -12.9140500795469 -7.92306334082686 0.707106781186548 0.707106781186548 0 0 0 -1 0 0 0 0 0 0
-13.7996540486334 -1.75453530027458 -16.6175805923935 0.707106781186548 0.707106781186548 0 0 0 -1 0 0 0 0 0 0
13.1701397700127 18.4135160830138 -6.00293713875873 0.707106781186548 0.707106781186548 0 0 0 -1 0 0 0 0 0 0
23.5138638423084 6.53125930057094 -9.50695145846742 0.707106781186548 0.707106781186548 0 0 0 -1 0 0 0 0 0 0
-3.24448015687474 13.1773722589643 -16.4313674650642 0.707106781186548 0.707106781186548 0 0 0 -1 0 0 0 0 0 0
16.5082336470593 1.52421305933471 16.0493365700421 0.707106781186548 0.707106781186548 0 0 0 -1 0 0 0 0 0 0
-15.0457473869654 14.312374431503 12.941495034794 0.707106781186548 0.707106781186548 0 0 0 -1 0 0 0 0 0 0
23.7849516541384 -6.34168250902252 -4.43903759126807 0.707106781186548 0.707106781186548 0 0 0 -1 0 0 0 0 0 0
11.5361686867144 -1.1819607134884 -11.3382773396722 0.707106781186548 0.707106781186548 0 0 0 -1 0 0 0 0 0 0
-14.2074051987477 -20.9609705314309 -0.429416445677238 0.707106781186548 0.707106781186548 0 0 0 -1 0 0 0 0 0 0
-18.0646521012753 -9.99652093243816 1.47162883307314 0.707106781186548 0.707106781186548 0 0 0 -1 0 0 0 0 0 0
-19.6176089945809 -6.93998095249729 -15.1411833985343 0.707106781186548 0.707106781186548 0 0 0 -1 0 0 0 0 0 0
-4.07618737317523 23.3843056797098 3.93192565451907 0.707106781186548 0.707106781186548 0 0 0 -1 0 0 0 0 0 0
-6.1106674571749 -21.3048301237157 10.4072514268319 0.707106781186548 0.707106781186548 0 0 0 -1 0 0 0 0 0 0
21.7351049738939 2.73731537529452 11.7019760221839 0.707106781186548 0.707106781186548 0 0 0 -1 0 0 0 0 0 0
-3.45032154841448 20.3447638925908 -6.3257975462767 0.707106781186548 0.707106781186548 0 0 0 -1 0 0 0 0 0 0
12.5383926221525 -19.7488369162448 5.48716661974739 0.201977728172726 0.442213659822981 -0.873871887857796 0.143469828432116 -0.895995182612885 -0.420248784726573 0 0 0 0 0 0
12.3238718216212 -19.9305759354863 5.04212165255252 0.931440692493205 0.207710987104703 -0.298788189531931 0.0959553681593119 -0.932223236596262 -0.348930371953203 0 0 0 0 0 0
12.3177393566467 -20.0624433199169 4.63246202331047 0.684438238723414 -0.41453103514302 0.599756882641998 -0.205750802953922 -0.899017143988721 -0.386567952497592 0 0 0 0 0 0
12.5839335856061 -20.4664796739456 4.33193822426485 0.0109608280539166 -0.410280878662321 0.911893338528386 0.0295111749823813 -0.91141814619534 -0.410421799295564 0 0 0 0 0 0
12.7481255535533 -20.9711085046335 4.24009846184634 -0.64884651774095 -0.207817881479019 0.731990385560504 0.101348469009141 -0.977013456838857 -0.18754517585182 0 0 0 0 0 0
12.9601951763108 -21.4535221052996 4.3963505308384 -0.986700013651419 0.0436015492392397 0.156594980648257 -0.0515182843831649 -0.99757224923422 -0.046855884710397 0 0 0 0 0 0
12.8031031059756 -21.8306976606326 4.61975285469584 -0.728823326781196 0.0395811969841918 -0.683556791484723 0.0296466093929643 -0.995567223056416 -0.0892579572208482 0 0 0 0 0 0
12.6961558223611 -22.3067678031713 4.55338600449803 -0.308535360098003 0.306380247732515 -0.900520446946408 -0.179607905670595 -0.948442408729472 -0.261147463215824 0 0 0 0 0 0
12.2519148183744 -22.615854324457 4.41053676659311 0.460948464491365 0.203381058713595 -0.863807072232909 -0.233225246901676 -0.91140352434006 -0.339042180308248 0 0 0 0 0 0
12.1156952670212 -22.9833311776251 3.97679524117381 0.942096987590312 0.0160296078004547 -0.334957187782294 -0.0734059232846908 -0.964774235509758 -0.252630649215974 0 0 0 0 0 0
12.1228496386739 -23.3028934945931 3.61228713113095 0.871026489532015 -0.0715723274311147 0.485994090992502 0.083902344561638 -0.953116287042122 -0.290739986847527 0 0 0 0 0 0
12.3258406091232 -23.6978532593623 3.32310600158097 0.440840113622263 -0.0685048707992645 0.894967640140294 0.384051391051253 -0.886807346864331 -0.257054971901039 0 0 0 0 0 0
12.6831658148903 -23.953480707418 3.16262666083931 -0.359116558365751 -0.333024074579883 0.87185449660924 0.253389491788491 -0.933872181742916 -0.25234205677591 0 0 0 0 0 0
12.9851629902207 -24.3086819280843 3.36846688886701 -0.82432729144687 -0.477051736508443 0.304805113589236 0.45499434919628 -0.87866080141429 -0.144690491247531 0 0 0 0 0 0
13.1860015366622 -24.7194122418734 3.4918477013784 -0.805913691372759 -0.150485976628621 -0.572588065624899 0.353993846801432 -0.897709060204085 -0.262310502371185 0 0 0 0 0 0
13.8943788571812 -24.4084323667617 4.43898895942952 0.103580686829858 -0.143919612096166 0.98415353810772 -0.349664238727401 -0.931583880319534 -0.0994303479023758 0 0 0 0 0 0
13.944583214875 -24.936506910559 4.51708347484286 -0.478541672828658 0.345488198988669 0.807239599949058 -0.352767050238258 -0.917528740437436 0.183565843057718 0 0 0 0 0 0
14.4720461767886 -25.6619336710763 4.59530155545117 -0.208012518493115 0.324967188700286 0.922565509011899 -0.910382021254532 -0.409230105465669 -0.0611170692774946 0 0 0 0 0 0
14.1662215834303 -26.0840632510183 4.71358461828699 -0.572979458152583 0.766234252153696 0.290825740541719 -0.819076788078156 -0.547674790253409 -0.17077921229604 0 0 0 0 0 0
13.7283423093352 -26.2554701580513 4.86395495733891 -0.332179213491871 0.744753316022485 -0.578791385904659 -0.711434301083052 -0.600727805524169 -0.36467429154327 0 0 0 0 0 0
13.2494959807468 -26.296938181197 4.84511093695908 -0.00347717402956635 0.240632495718516 -0.970610071689475 -0.868100852685701 -0.482519429697928 -0.116515705080243 0 0 0 0 0 0
13.5702209722863 -26.815626197454 5.55088713168302 -0.0625651557667383 -0.985458467777542 0.157978509834166 -0.467843881794382 0.168778632560429 0.86754589242218 0 0 0 0 0 0
13.1739367477845 -26.9136520715893 5.88610617175011 0.799268330483495 -0.569584043399451 0.191687645378774 -0.241887970891058 -0.0129121234015576 0.970218267508641 0 0 0 0 0 0
13.1638393783595 -25.5776294326689 6.63587879167238 -0.0281781551927952 0.987709342767675 0.153740839660055 -0.998728941043537 -0.0213884389988661 -0.0456403001660418 0 0 0 0 0 0
6.62733859831433 -23.2540573300572 3.26044627468587 -0.618241792202823 -0.27719209921555 -0.73548733946025 0.784744379137346 -0.165070734512062 -0.597434441608442 0 0 0 0 0 0
6.78472574561042 -23.5728579062556 3.0257261054132 -0.231684379280065 0.548317632574826 -0.803536011766212 0.820052858571366 -0.334249836555019 -0.464532405663883 0 0 0 0 0 0
6.86331831559675 -23.8211153372544 2.60773699259188 0.342124355340823 0.901781062251345 -0.264086806272981 0.85754062126252 -0.414541458954335 -0.304597212220833 0 0 0 0 0 0
7.24545389700112 -24.0184514179317 2.28009723565132 0.361503142003141 0.855632757620373 0.370416066618084 0.930909168773995 -0.308992384909243 -0.194760944649094 0 0 0 0 0 0
6.79303534043983 -25.3709704948464 2.86287376534806 0.029187333038568 -0.442988751085915 -0.896051932647565 0.81117578819607 -0.513309316194494 0.280191696080427 0 0 0 0 0 0
6.9578841737878 -25.7482733256418 2.91909441713305 0.534855012745283 0.237928473102084 -0.81075283350017 0.740198251223461 -0.594677084170815 0.313792470349159 0 0 0 0 0 0
7.13794969304941 -26.1212774704052 2.71489282078287 0.790154299833658 0.566085613295864 0.234953741987285 0.559263947102495 -0.822754184125585 0.101485910229852 0 0 0 0 0 0
7.53940752881007 -26.3662038983983 2.52844715877239 0.296337361260962 0.338473489976743 0.893095663915044 0.701461485050229 -0.711746665484733 0.0369928258246347 0 0 0 0 0 0
7.92522999535087 -26.4324451099547 2.46733379237783 -0.1460848945522 -0.470124001435665 0.870426692408839 0.770246273093791 -0.606187455107603 -0.198134923865768 0 0 0 0 0 0
8.35761599515156 -26.609865820577 2.57066586924337 -0.66501488036276 -0.687616391728251 0.291442801802901 0.634624133109127 -0.726020518891488 -0.264851686466263 0 0 0 0 0 0
8.62483310618186 -26.8793170522724 2.79253331816548 -0.6396165837018 -0.50023347274112 -0.583658374910356 0.667116155120072 -0.738456983327347 -0.0981698495103582 0 0 0 0 0 0
8.70220530260825 -27.3839458024658 2.88082237569514 -0.167162031914649 -0.0541796141934232 -0.984439649999947 0.761706815106308 -0.641058098226556 -0.0940597816218873 0 0 0 0 0 0
8.98485316898365 -27.7909431274459 2.81347194969608 -0.262232467475417 0.188046253021455 -0.946505541307786 0.6196574542271 -0.71908811376013 -0.314542404247324 0 0 0 0 0 0
9.02514726229405 -28.1647236473696 2.48906673640653 0.584434806688394 0.647426812095155 -0.489156907046609 0.656840546185973 -0.731413790750582 -0.183287652573698 0 0 0 0 0 0
9.25088823867059 -28.3596477877071 2.14283881703296 0.775377137906948 0.602825497196794 0.188126855979331 0.594692216794861 -0.596813256153939 -0.538660472433747 0 0 0 0 0 0
9.63960403103983 -28.4146832921487 1.79200238259226 0.639772381535595 0.230684150977267 0.733127630301963 0.710875500443448 -0.540202049339975 -0.450375142251622 0 0 0 0 0 0
10.0036854617264 -28.2805437164324 1.58126208572659 0.233381036955573 -0.606144621856643 0.760343336252649 0.71161115935212 -0.426422643167601 -0.558366624431913 0 0 0 0 0 0
10.472025157223 -28.2988178158284 1.54041358793298 -0.253963488338089 -0.963332207339693 0.0865656103379616 0.742471975183164 -0.251529007684556 -0.620861115194722 0 0 0 0 0 0
10.8447659280445 -28.5810890472556 1.3893797657939 -0.756601802704096 -0.496400456617018 -0.425605802140112 0.641131779246325 -0.435309949022269 -0.632024754200871 0 0 0 0 0 0
10.9661259349149 -29.0374007015326 1.19591515934935 -0.405467923476079 0.416878428298616 -0.81351591198407 0.462032815738601 -0.674441240974957 -0.575894686251592 0 0 0 0 0 0
10.9811734952368 -29.3588140247247 0.813633271181653 0.139959047391943 0.692184432157263 -0.708019898683835 0.344969529557048 -0.704344570871653 -0.620398862958996 0 0 0 0 0 0
10.0817462271595 -29.550688069993 0.888943737130032 -0.868461841979242 0.337840259062226 0.362819498349785 -0.0576283243248152 0.658093698352899 -0.750727420855079 0 0 0 0 0 0
9.7802860626934 -29.4197620091643 0.478706186109251 -0.160242057822127 0.741576423041045 0.651449838202896 -0.212600653248021 0.618558684273733 -0.756429848927224 0 0 0 0 0 0
9.47254792212646 -29.083919357279 0.267193833504352 0.603651565535869 0.624479301026945 0.495611127815945 -0.207550284238095 0.723311920944396 -0.658591485317274 0 0 0 0 0 0
4.88342091538128 -25.2878976724231 3.60127683308961 0.932173188489976 -0.15020629886325 0.329380045604216 -0.175351084127243 -0.983343581167323 0.0478267568671037 0 0 0 0 0 0
4.96067348090366 -25.7334758871485 3.43021481508698 0.326250454277819 -0.0462428287522589 0.944151598988481 -0.190505859723835 -0.98152547147687 0.0177557385932121 0 0 0 0 0 0
5.23857443256761 -26.0677297900369 3.43032344787095 -0.474351071050168 -0.308992905425416 0.82432666206445 0.224431824771118 -0.94788293625451 -0.226159888546654 0 0 0 0 0 0
5.78132563355915 -26.1481662924842 1.9487843644607 0.862238333659774 -0.502472606850438 0.0637678236459566 -0.503591334491511 -0.863940289177123 0.00171597249609696 0 0 0 0 0 0
5.77688584384125 -26.5357268347689 1.74788097678339 0.506615606500899 -0.36426405932015 0.78144246258911 -0.355461180192007 -0.913994764449003 -0.19560398752663 0 0 0 0 0 0
5.91031748562234 -26.9866945031585 1.5115648337298 0.006630308828946 -0.252235534793344 0.967643154263155 -0.198462357940908 -0.948747205710415 -0.24595006025048 0 0 0 0 0 0
5.94189354489468 -27.4409106192622 1.42384997333341 -0.595053065005693 0.244621375486094 0.765553546450294 -0.407506770487161 -0.91285831978535 -0.0250583320632359 0 0 0 0 0 0
5.85068429829658 -27.8184407778569 1.64401106514213 -0.927985326868575 0.367576882976411 -0.0610775590374249 -0.356824801577704 -0.923850533671211 -0.138478346373906 0 0 0 0 0 0
5.59210864531835 -28.1692669013779 1.92598734740775 -0.503055788668762 0.262252721806445 -0.823503723969699 -0.411053502726876 -0.910778951753092 -0.0389450759340143 0 0 0 0 0 0
5.62281810613965 -28.7356445697546 2.28167247118647 -0.0619552370849911 -0.4581579297149 0.886709005275744 -0.042525851519964 -0.886397166711164 -0.460968127747379 0 0 0 0 0 0
5.65792071902711 -29.3071664394328 2.13559500959157 -0.295073141805315 -0.351419280524806 0.888502296148169 0.207481802198132 -0.931283993040175 -0.299435178400538 0 0 0 0 0 0
5.9317237092751 -29.7735156456682 2.25414529664412 -0.976724048795282 -0.0776763960449889 0.199941266381939 0.0221008644897806 -0.963610538967568 -0.266394971760802 0 0 0 0 0 0
5.89257415819255 -30.2604379527168 2.38857063822531 -0.876830822519492 0.0702304198687525 -0.475642088975365 -0.000947459319070117 -0.989524694976423 -0.144360591411425 0 0 0 0 0 0
5.70177740736646 -30.6215973578375 2.59192251336428 -0.226441380555611 -0.108631796976208 -0.967948053284777 0.0555362558996631 -0.993584500996625 0.0985168191728443 0 0 0 0 0 0
5.39040338868314 -31.0059578144551 2.59875597506445 0.636526251953711 -0.0658433431867748 -0.768439317533759 0.118537728105102 -0.976158983988583 0.181830814203912 0 0 0 0 0 0
5.29389721520344 -31.5070774660474 2.52290158373093 0.969983649954831 0.151822694832681 -0.18995154159429 0.185934636637536 -0.966491180155108 0.176983359615684 0 0 0 0 0 0
5.37235006691265 -31.9899727159885 2.2614974475277 0.891834766677674 0.421971541490887 0.163005420513503 0.441835462129875 -0.889844964350053 -0.113830416960195 0 0 0 0 0 0
5.57522102061446 -32.4080351682461 2.02588612558318 0.557689005023144 0.255051761910514 0.789893393074432 0.27325014558807 -0.954991336647299 0.115437883143729 0 0 0 0 0 0
5.92367348744252 -32.6775505226396 1.99136767320436 -0.273001112021183 -0.01458793484837 0.961903105823064 0.286690683986336 -0.955686375452327 0.0668730400852266 0 0 0 0 0 0
6.30633689850266 -32.9790892059852 2.05048007642191 -0.747939811097162 -0.0832096817401378 0.6585303241618 0.183959331240703 -0.979234096443855 0.085202985929257 0 0 0 0 0 0
6.11325167014899 -33.4518776594478 1.91206272406665 -0.375582138022334 -0.178074716413618 -0.909520452201478 -0.416612566603803 -0.844185151790996 0.337320913735576 0 0 0 0 0 0
5.65232714754837 -33.5867544502365 2.05088918936837 0.24911311758114 -0.530971787001641 -0.809945440173157 -0.4828751576062 -0.79304083391862 0.371372882564745 0 0 0 0 0 0
5.27122412994343 -33.8257896426961 1.98487887658004 0.716158128115907 -0.685331748520892 -0.13205275462033 -0.592540639007364 -0.697005174179091 0.403830878329431 0 0 0 0 0 0
4.99679908701351 -34.2606328854114 1.84132601689591 0.781021957225353 -0.336779418262172 0.525912849973142 -0.545019678355849 -0.77871764695759 0.310728782898722 0 0 0 0 0 0
-15.7645095436405 -20.262261040434 -0.513333088326348 0.460606576201485 -0.580020535999543 0.671876297973629 -0.8804707083974 -0.394348619873286 0.26317389243277 0 0 0 0 0 0
-16.0586736094192 -20.5430427121074 -0.642786399764645 0.154012076279706 0.211303956003784 0.965210297571034 -0.970345287098329 -0.151848968227764 0.188074226448563 0 0 0 0 0 0
-16.2395818132794 -20.8614827923686 -0.454437329021374 -0.223279850459205 0.808698410572373 0.544199401981143 -0.944947583954185 -0.31658496971702 0.0827527674970514 0 0 0 0 0 0
-16.5792479605475 -21.0053636414154 -0.139700646597191 -0.353281006813743 0.897531190371344 -0.263875524699176 -0.934478397987873 -0.351848917069645 0.0543365737872365 0 0 0 0 0 0
-16.955149192473 -20.857757501525 0.142821157906909 -0.389904077915607 0.0719476958095402 -0.918040488808897 -0.839436872629304 -0.43762796120747 0.322222755930935 0 0 0 0 0 0
-17.4130799183623 -20.8933186841632 0.271390733698766 0.144975303047806 -0.575653655616987 -0.804739106966349 -0.725832002957283 -0.614616134416786 0.308893041031335 0 0 0 0 0 0
-17.8591693954443 -21.1686344989708 0.301260771128113 0.427766893661586 -0.607726266874202 -0.669092123132729 -0.785095974280686 -0.61663817423623 0.0581521559606274 0 0 0 0 0 0
-18.2043030817926 -21.3535872163456 -0.0769046474402586 0.575437240328462 -0.814041372057529 0.0787948413404123 -0.814410024035522 -0.579176138006726 -0.0359348565333808 0 0 0 0 0 0
-18.5829177771839 -21.7021070739706 -0.192151484365922 0.672608196142123 -0.535590580052729 0.510627990851678 -0.605937079494384 -0.794723498618117 -0.0354233882907555 0 0 0 0 0 0
-18.6767861746875 -22.1465275491247 -0.378808401305676 0.0890043574930357 -0.142965900230794 0.985717492854038 -0.661964286068784 -0.747950981830787 -0.0487094728754763 0 0 0 0 0 0
-18.893932901433 -22.5707674134849 -0.365349682383552 -0.144098386241172 0.290445500623412 0.945979421684376 -0.596857590008743 -0.788005399542122 0.151024857362675 0 0 0 0 0 0
-18.9545903776329 -22.9112462530363 -0.13846726767629 -0.860868503243618 0.494410900896535 0.120263382614035 -0.490546897240308 -0.869209866204364 0.0619511912790835 0 0 0 0 0 0
-19.2174858727721 -23.1731685180326 0.176023197952517 -0.514123201514418 0.0828805488608725 -0.853702611150444 -0.280463064644742 -0.95685069261347 0.0760080352015634 0 0 0 0 0 0
-19.6173322559409 -23.4856714996012 0.260738983848142 0.260172147829918 -0.115175969318124 -0.958668320945883 -0.337251357088014 -0.941168021294665 0.0215471073366743 0 0 0 0 0 0
-19.9445462060151 -23.7471140097584 0.114817183480142 0.868149396560417 -0.333580990788654 -0.367478363766145 -0.364658172367771 -0.930997596661743 -0.016367416884038 0 0 0 0 0 0
-20.0945432220061 -24.0956974528177 -0.105662008296932 0.889285214864823 -0.217896918687812 0.402110357301552 -0.266270380374041 -0.961507823501722 0.0678438639852256 0 0 0 0 0 0
-20.161994374851 -24.555086397351 -0.206341832934129 0.56755251401784 0.15375204221189 0.80885378984567 0.136431334293124 -0.986389874921449 0.0917687619805744 0 0 0 0 0 0
-19.7355217615195 -24.9176545356743 -0.228984935578069 -0.187082708020113 0.138964984022013 0.972465317415291 0.00784148425202861 -0.989700801223768 0.142936472538528 0 0 0 0 0 0
-19.4642603412002 -25.2788487588505 -0.051147612254951 -0.692452469434188 0.067005109800057 0.718345246267543 0.304490017572228 -0.87551456314999 0.375180061985105 0 0 0 0 0 0
-19.5938903025986 -26.0091999306288 -1.48039219923389 0.658609825403519 0.268734059340436 -0.702862079808235 0.401084852405099 -0.915679498408908 0.0257293094503154 0 0 0 0 0 0
-20.0523550981265 -26.3250980918115 -0.362989299008561 -0.629902042321856 -0.0424220225196583 0.775515176565937 0.524222851453849 -0.759976674239911 0.384221103825441 0 0 0 0 0 0
-19.7854323272708 -26.5139751346195 0.0713670619403644 -0.902926832879581 -0.264843915287117 0.338497909892276 0.40028650682122 -0.8049832798918 0.437918521589925 0 0 0 0 0 0
-19.6749646188984 -26.7329026788983 0.532316046753436 -0.6995764377827 -0.534410850134805 -0.474339383730114 0.401745252899693 -0.843130680569277 0.357395309503845 0 0 0 0 0 0
-19.7041115280894 -27.0832111057562 0.86062069165807 0.142339241478036 -0.358574062253265 -0.92258559614523 0.314633027140868 -0.867342723676836 0.385645767404521 0 0 0 0 0 0
-11.8608697502956 -21.9179342461356 -6.04397867254207 0.825042326305631 0.546692243035323 -0.142943174755568 -0.562079997182911 0.767990497036964 -0.30701249685929 0 0 0 0 0 0
-12.1469141359778 -21.5225030161311 -6.0320399476081 0.689171400602991 -0.11441302633783 -0.715508518464407 -0.573475565603142 0.517456211526149 -0.635110104477296 0 0 0 0 0 0
-12.3169629654035 -21.1900664151707 -6.43974778741647 0.45908316877176 -0.629505169204225 -0.626869911620936 -0.441369828002578 0.450762032462619 -0.775890626969513 0 0 0 0 0 0
-12.3123659690224 -20.8064049555381 -6.80479696334011 -0.200984043488899 -0.915529349398984 -0.348441422124186 -0.504543388352138 0.401638335219539 -0.764279148578725 0 0 0 0 0 0
-12.4161084286279 -20.7725297812668 -7.36117539427168 -0.646669708923912 -0.661799186385176 0.379262606198109 -0.74938411004432 0.4584791000513 -0.47772415725943 0 0 0 0 0 0
-12.741736313557 -20.7457209691056 -7.76768589464444 -0.543242596189686 -0.163006924580701 0.823599553316921 -0.775811234106111 0.472456093961896 -0.418213065689035 0 0 0 0 0 0
-13.1392513659071 -20.7708271472892 -7.955892338399 -0.280672368775347 0.562984700539653 0.777348858855735 -0.82625580370601 0.270389336100242 -0.494156810906625 0 0 0 0 0 0
-13.6870183980782 -20.8202151354006 -7.96175324861116 0.112258545358755 0.993649195022855 0.00770040416919036 -0.792579082228101 0.094211178755948 -0.602447219440737 0 0 0 0 0 0
-14.1271042808263 -20.5970432426217 -7.89693686603509 0.480510906837996 0.475974364717692 -0.736585142764444 -0.783907461540915 -0.143451316357059 -0.604078481305125 0 0 0 0 0 0
-14.4316608061936 -20.3409106635788 -8.22170145285608 0.600511653332327 -0.563020807041912 -0.56779690475552 -0.781685958279931 -0.263817483646333 -0.565126001835434 0 0 0 0 0 0
-14.7029526529933 -20.3412843455172 -8.61650940627898 0.340203388874979 -0.919860541613837 0.195238925882822 -0.788180244257496 -0.392174260495723 -0.474311344969554 0 0 0 0 0 0
-14.9037498653274 -20.5901724580764 -9.01593452299784 -0.00719330422500447 -0.64825193056126 0.761391943021415 -0.89994063757334 -0.327751647571021 -0.287551223886407 0 0 0 0 0 0
-15.0736649192692 -20.9474494695408 -9.28905709567823 -0.374938598117104 0.000408667158681544 0.927049556729916 -0.806006142955533 -0.494197201668516 -0.325765595760132 0 0 0 0 0 0
-15.2629767814439 -21.3806864640173 -9.3361733226742 -0.658487220225403 0.665395137561727 0.351630333886358 -0.734838838440079 -0.467576084476952 -0.491308952437504 0 0 0 0 0 0
-15.6657807275733 -21.7048350340326 -9.26065763767294 -0.388428518121072 0.867775554286987 -0.309982053822766 -0.666042199328868 -0.496862864305152 -0.556340797342461 0 0 0 0 0 0
-16.1357835287175 -21.7702687013191 -9.33402392216584 0.296026042058424 0.458026090443579 -0.838200860710722 -0.552994459027832 -0.633330805316323 -0.541377150720173 0 0 0 0 0 0
-16.584501094457 -22.0545117990906 -9.63402325424735 0.559596899138008 0.430079051327072 -0.708437237929184 -0.409725017999565 -0.599474100220797 -0.687572696367244 0 0 0 0 0 0
-16.8619463803103 -22.1931719399216 -10.1336444173434 0.906994942470888 0.192220296300761 -0.374715267933237 -0.282330816386019 -0.382679537743593 -0.879684989931711 0 0 0 0 0 0
-16.8967099680133 -21.9689822453456 -10.6481230935738 0.744470631160572 -0.543748709450973 -0.387428471217309 -0.556770208601341 -0.185361576281156 -0.809720952459911 0 0 0 0 0 0
-16.9682510051829 -21.9099391449834 -11.1958393921677 0.545376264370519 -0.81996296661596 -0.173854719923312 -0.383533406482305 -0.0596932255526214 -0.921595814299958 0 0 0 0 0 0
-16.8101720426911 -22.0571151846526 -11.7159750192029 -0.0633132895534729 -0.991695949178533 0.111940036398095 -0.233559593590498 -0.0943265511018793 -0.967756383600266 0 0 0 0 0 0
-16.6642386107548 -22.2077225306536 -12.0911058311098 -0.828188665355717 -0.559496986776543 0.0326597055143656 0.023049403263514 -0.0922275725848219 -0.995471144666839 0 0 0 0 0 0
-16.6657684423625 -22.4283527722508 -12.5518262231221 -0.983922499164728 0.108153761785768 0.14212416912342 -0.142607144301209 0.00329542991535626 -0.989773884549359 0 0 0 0 0 0
-16.7753706790722 -22.7083918366507 -12.8403349037303 -0.586011713454942 0.805844217245452 -0.0848844463118389 0.0650593900355738 -0.0576261340064113 -0.996216093248686 0 0 0 0 0 0
-14.6320612046122 -20.5108116728591 -1.68307494662916 0.0180875519490705 -0.941684787696773 -0.33600982289953 0.459224472408737 0.306344541722542 -0.833826064414949 0 0 0 0 0 0
-14.2341278157408 -20.557830783665 -2.01624629871554 -0.7678162119948 -0.547478243393785 -0.332754921238457 0.233141412063365 0.245007956659618 -0.941071826777627 0 0 0 0 0 0
-14.0813111935779 -20.7026966463067 -2.57372039602484 -0.992355681686572 -0.0263512320338338 0.120564561935411 -0.123310237241785 0.251131263137578 -0.960066494606649 0 0 0 0 0 0
-14.3364338609414 -20.9429624274354 -2.92302633207422 -0.6780052857067 0.704321210973755 0.210334172987275 -0.145948263006177 0.151458178647334 -0.977629543664834 0 0 0 0 0 0
-14.6661931722199 -21.0145435367963 -3.27410649250341 0.232282943859613 0.971207379697748 0.0529231481730549 -0.0380837383787475 0.0634511625962132 -0.997258030219004 0 0 0 0 0 0
-14.7710070704472 -20.858099263809 -3.75032680005951 0.953744473803864 0.179416375261393 0.241207883321949 0.243052249799061 0.0119681414294845 -0.969939362773951 0 0 0 0 0 0
-16.023828445798 -20.859183426544 -4.2898830371213 -0.692144132133322 0.326224678706511 -0.643827585115956 0.141564358894298 -0.813339319574272 -0.564303715675616 0 0 0 0 0 0
-16.2552303244121 -21.2917207416774 -4.41109664987307 0.0176514901330399 0.666552854060769 -0.745248762252931 0.17897714697474 -0.735432312589201 -0.653533851044062 0 0 0 0 0 0
-16.4766560875117 -21.530680724797 -4.76479454506443 0.760267322748125 0.399552320694305 -0.51220263664803 -0.0663194781632819 -0.736617762967892 -0.673049773862475 0 0 0 0 0 0
-16.5651053947407 -21.6925868816685 -5.24661148400595 0.976369613137552 -0.0520205911008153 0.209752798892291 0.109766443836298 -0.716695013016461 -0.688694116516809 0 0 0 0 0 0
-16.2560165333807 -21.7342009052839 -5.72311556057396 0.516745085575319 -0.483411155923951 0.706603262702647 0.0163090636525789 -0.819628830391417 -0.572662723454193 0 0 0 0 0 0
-15.9636962306715 -21.9551047438869 -5.99783626886948 -0.437461692063241 -0.645796535135578 0.625758821898699 -0.0905685142604131 -0.660696981864681 -0.745169002562213 0 0 0 0 0 0
-15.7744930933526 -22.3727476655054 -6.13626566576886 -0.962166186734125 -0.190327663283422 0.194965662860376 -0.00258358729226641 -0.709161398561456 -0.705041442659269 0 0 0 0 0 0
-15.9589094515502 -22.876168874781 -6.15190388033051 -0.964975559039642 0.217013122805599 -0.147402425306682 -0.134935346676538 -0.892434447113041 -0.430526665635618 0 0 0 0 0 0
-16.2340905503301 -23.4163598332099 -6.24112256772158 -0.684584073594416 0.564351286549539 -0.461359156786505 -0.38669496800304 -0.817691564174491 -0.42643581885086 0 0 0 0 0 0
-16.6363434234631 -23.7105809635623 -6.13565368106163 -0.0758699827923129 0.359304162716968 -0.930131315656748 -0.323434147135988 -0.891250943063324 -0.317902672142202 0 0 0 0 0 0
-17.0884178466014 -23.9143145004358 -6.29280635880154 0.554855821511482 0.182122452713496 -0.811767472588326 -0.33965019242732 -0.841135160503885 -0.420867423956985 0 0 0 0 0 0
-17.2968459248634 -24.0587918262517 -6.70296294077031 0.890043891740807 -0.438228739653402 -0.125608289999785 -0.454766150595917 -0.834306451723928 -0.311641609680096 0 0 0 0 0 0
-17.3471205559165 -24.3273727697348 -7.12680051147051 0.678279464626165 -0.489579273603012 0.54794990895591 -0.349790154446821 -0.870924939668724 -0.345161697346474 0 0 0 0 0 0
-17.2289756078562 -24.7222891817408 -7.42229643508396 0.014949443909302 -0.39506675464617 0.918530768945791 -0.1575419733418 -0.908089874204392 -0.388011993375235 0 0 0 0 0 0
-17.3468861406522 -25.275020708647 -7.48645467988263 0.111550502558196 -0.0628044306349155 0.991772196056956 0.0251184384669102 -0.997503904260359 -0.0659926134830657 0 0 0 0 0 0
-17.0572324624984 -25.6655175926675 -7.38103638039219 -0.75746493564935 -0.0726189969256668 0.648824593050569 0.116655388657797 -0.992856140354396 0.0250640151945275 0 0 0 0 0 0
-16.9741169947004 -26.0887987293776 -7.1000192922329 -0.995216996063841 -0.0956966954701616 0.0196283779705828 0.0976614383516393 -0.969877983437042 0.22315676262033 0 0 0 0 0 0
-17.0216506311501 -26.4397477507526 -6.74186851331768 -0.68385048341255 -0.235132335504263 -0.690696243754614 0.0429678230051926 -0.957984626316768 0.283582830804189 0 0 0 0 0 0
-10.5160789781329 -11.7313173976461 18.1305775637569 0.924010481597729 -0.378777351737556 0.0522718634469485 -0.0660487006232052 -0.023460715969611 0.997540557547501 0 0 0 0 0 0
-10.556978470447 -12.0383005071556 18.5284316784733 0.955547465127695 0.288344784836387 0.061533136972645 0.0273796271339611 -0.294581636305622 0.955234010894455 0 0 0 0 0 0
-10.2020916166437 -12.3751653725452 18.810352302653 0.339308772415513 0.91401000478926 0.222385404437915 0.00804342978975449 -0.239220882728073 0.970931857806725 0 0 0 0 0 0
-9.96116521500365 -12.5047105861994 19.2378189274221 -0.427669040372421 0.895733345509446 0.121494714491568 0.00867723341303102 -0.130332107809714 0.991432421950267 0 0 0 0 0 0
-9.88463501807023 -12.339597817768 19.6386809873323 -0.978385048668781 0.156898936120288 0.134704938238019 0.101617873197322 -0.202546421310982 0.973986013791249 0 0 0 0 0 0
-9.82599384347991 -12.2742269332792 20.0843886665058 -0.971248821085262 -0.238014375329355 0.00498845437637691 -0.0203141524719969 0.10373576285791 0.994397418899321 0 0 0 0 0 0
-10.03274960641 -12.0218263079901 20.4117523230331 -0.256699443152002 -0.939125263239738 0.228361852835242 -0.0664433913513803 0.252867901463853 0.965216607894308 0 0 0 0 0 0
-10.2521990681781 -11.9987460666288 20.7911061866802 0.564670988292245 -0.821102321751842 0.0832925698654699 -0.0731234999349218 0.0507503692116766 0.996030799615226 0 0 0 0 0 0
-10.454821606231 -12.1990495769062 21.1663474286593 0.952340412966242 -0.293048181769703 0.0846788107660842 -0.140731741732472 -0.175810271746298 0.974312745075952 0 0 0 0 0 0
-10.5178620036667 -12.6031585462517 21.4941761949322 0.836593703365635 0.482601589808659 0.25924251388059 -0.0338138635173256 -0.426830043777072 0.903699472370818 0 0 0 0 0 0
-10.2566007577631 -12.9545483524579 21.7121602175144 0.209888519946002 0.870997440420689 0.444196204368617 -0.0787296599813137 -0.437784636161525 0.895626179262391 0 0 0 0 0 0
-10.0044652199569 -13.1130909164841 22.1525454597836 -0.439886594327764 0.86830859651303 0.22921597970537 -0.145199729991515 -0.320644703858318 0.936004280063934 0 0 0 0 0 0
-9.86859801302266 -13.0429623592162 22.5812901711884 -0.99183533163349 -0.0589883280282617 -0.113062160247872 -0.0588722812728292 -0.574657342832637 0.81627384671216 0 0 0 0 0 0
-10.0932425610496 -13.2862893630245 23.014033552718 -0.406551513699234 -0.753251462172119 -0.517037814327373 -0.0828803961042672 -0.533177269815662 0.841933987254058 0 0 0 0 0 0
-10.4159290392083 -13.5094733126249 23.2153677802464 0.518643702263552 -0.827006578501128 -0.216953518566106 -0.0190878383044818 -0.264886240030128 0.964090729273736 0 0 0 0 0 0
-10.6049186408173 -13.7541048969655 23.6760313373159 0.924023879437876 -0.358542787042733 -0.132766487067363 0.0663635105098118 -0.191574641836992 0.979231862777066 0 0 0 0 0 0
-10.4982809843158 -13.9763812719715 24.1788161198478 0.933219384459975 -0.117658790545087 -0.339496670787229 0.294006520721641 -0.293100522364788 0.909753950012114 0 0 0 0 0 0
-10.3423839287488 -14.3558719561741 24.4507914759567 0.776962829238634 0.609228719910037 -0.15864781378347 0.399897330132981 -0.282979024328193 0.871782654761367 0 0 0 0 0 0
-9.96151032725174 -14.5347938869878 24.665722525925 0.0613834906062864 0.953526637540815 0.294989861827651 0.577282481194253 -0.275015817444875 0.768837588220903 0 0 0 0 0 0
-9.45967526622015 -14.4450944153777 24.8067795019807 -0.48774705382608 0.677693765320133 0.550303527092275 0.598663650515796 -0.199141571536904 0.775850802691415 0 0 0 0 0 0
-9.0450252364964 -14.2958243319791 25.2260391352703 -0.892596317358484 0.373513604706653 0.252506240194407 0.257225679695193 -0.0380751224390207 0.965600970772399 0 0 0 0 0 0
-9.03771612313184 -14.1112686669502 25.6864397863687 -0.904273402010311 -0.421003303446027 0.0710340263833581 0.111099886935363 -0.0713836317919668 0.991242246998754 0 0 0 0 0 0
-9.27482488063465 -13.931257934117 26.1514435044275 -0.207131383218786 -0.974331498864987 -0.0881743749928576 0.0940917500821486 -0.109551478552802 0.989517668419 0 0 0 0 0 0
-9.53109998092147 -14.0382379633578 26.5626328709508 0.576177175719507 -0.805777788156773 -0.136901491201047 -0.0968661648225497 -0.23364052048877 0.967485944754914 0 0 0 0 0 0
-9.7700518524403 -13.3459258750516 18.4213014462517 -0.433585903016982 -0.753804087689102 0.493743518527736 -0.360553087253281 0.647280416831966 0.671587323628107 0 0 0 0 0 0
-8.58507308559047 -13.6620348845431 18.9031296492116 0.807954795833914 0.387403797260888 -0.443990254123695 -0.243364005406912 0.90561360011097 0.347329768615294 0 0 0 0 0 0
-8.48703226578057 -13.3251088946606 19.16555172882 -0.0585384817828447 0.413815714566531 -0.908476637304642 -0.491729385537979 0.780025877113276 0.386990752385772 0 0 0 0 0 0
-8.39622809589784 -12.9215509087347 19.2884774560766 -0.757548316101446 0.0610434745600782 -0.649918643358919 -0.372415414328897 0.777278271124324 0.507094910651072 0 0 0 0 0 0
-8.40847527891613 -12.4655979296804 19.2403169034353 -0.938032021615666 -0.301215892523256 0.171361934265008 -0.133945725957388 0.771187049295754 0.622357676498215 0 0 0 0 0 0
-8.55039728665743 -11.9750597516555 19.3144352799027 -0.521406445948844 -0.582674096210852 0.623398921821222 -0.159008250123856 0.784116043328476 0.599898663932038 0 0 0 0 0 0
-8.91554524194328 -11.7267029915635 19.6311808430535 0.457523547242965 -0.531929089284483 0.7125472950557 0.057516645667417 0.817363045827447 0.573244700618198 0 0 0 0 0 0
-8.95002183135222 -11.3980185554618 20.0517684711339 0.760370664626772 -0.61490713515952 0.2091068327553 0.400754221190769 0.697549921972162 0.593986666983704 0 0 0 0 0 0
-8.87936917251086 -11.0993615046141 20.4257966139962 0.877409690383514 -0.46180747813464 -0.129946482676644 0.369399626451475 0.477519804174155 0.797194300405483 0 0 0 0 0 0
-8.79174683706833 -11.2397306516104 20.8447678297463 0.855828892404484 0.370762076420504 -0.360683226133501 0.135738417712101 0.511880847069522 0.848264746621244 0 0 0 0 0 0
-8.46612310974042 -11.2291683908761 21.2420333819817 0.0488655697490344 0.816390732503231 -0.575428820946554 0.12575258842301 0.566503946414764 0.814407493335745 0 0 0 0 0 0
-8.17827774147153 -10.8783554625396 21.4331668303554 -0.792277386780174 0.591887942616738 -0.148206632043588 0.241194261907762 0.526919326170474 0.814973221480819 0 0 0 0 0 0
-8.05134499183744 -10.4398648086734 21.6736932770316 -0.861668851707024 -0.34204122513255 0.374879434362199 0.259449074331606 0.337950289188453 0.904696512575302 0 0 0 0 0 0
-8.15442867319737 -10.093624057854 21.9849195639139 -0.0989331125933389 -0.927541844469923 0.360386412049521 0.41208325100339 0.291461388319621 0.863271483000149 0 0 0 0 0 0
-8.2476685035835 -9.92851074871753 22.3584693276968 0.825083095125375 -0.561140761347895 -0.0660222090832741 0.462226255019591 0.603161382723232 0.650033257273782 0 0 0 0 0 0
-8.0533475069129 -9.89176332246251 22.7739865328484 0.622403294014444 0.225154473712675 -0.749612968515845 0.293086758509229 0.821006157780262 0.489947998131888 0 0 0 0 0 0
-7.76246225225808 -9.50415924950141 23.0221386292325 0.117144264500717 0.168225616374625 -0.978763180391439 0.214693834857736 0.95795375793959 0.190344831617507 0 0 0 0 0 0
-7.39680506986481 -9.10915418968881 22.9568464316112 -0.704744061204531 0.00175879887257288 -0.709459452557699 0.0310868469903469 0.99911303520192 -0.0284033595513988 0 0 0 0 0 0
-6.61951368442882 -8.80860905714084 23.7495478491374 0.941426004546574 -0.0260955754634443 0.3362084158743 -0.148574633975212 0.862920341247305 0.483005240966148 0 0 0 0 0 0
-6.63285228712333 -8.61192981047053 24.1845003975574 0.863620866915617 0.361512201445728 -0.351380031353209 -0.155274211773674 0.853843243997226 0.496831595048421 0 0 0 0 0 0
-6.37718979838084 -8.23452567466619 24.4917982252586 0.367660836887565 0.325579654566625 -0.871104699534684 0.0445649327833211 0.929467526325356 0.366202245040417 0 0 0 0 0 0
-6.1484909574216 -7.86845245037897 24.7618583035251 -0.32682100783783 0.34114321808055 -0.881367876424772 0.112172698634813 0.939989211112581 0.322238372440235 0 0 0 0 0 0
-5.92615579786025 -7.50039399066581 24.6826371741245 -0.853064559618327 0.418797293400354 -0.311271078264152 0.380220724451836 0.907434037702913 0.178873329245895 0 0 0 0 0 0
-5.80259267198448 -6.96258693627098 24.5978490737446 -0.986041672510696 0.0431603471415447 -0.160807352154469 0.0402095804760033 0.998958626057341 0.0215604513768329 0 0 0 0 0 0
-10.5752753576552 -14.1041242863627 15.8939652430449 -0.96833986432566 -0.23447522037198 0.0856695873065428 0.0873231175643569 0.00334106585330793 0.996174437745622 0 0 0 0 0 0
-9.78783000125009 -15.0251223727301 16.7398175098885 0.296088886575728 0.350936294293387 0.888355271608139 -0.65519613185071 -0.602130086542822 0.456242685078677 0 0 0 0 0 0
-9.82348237730046 -15.4311743047682 17.054442995609 -0.338415138176484 0.752950212316076 0.564394518068849 -0.674430991948868 -0.612344314036651 0.412525487898444 0 0 0 0 0 0
-9.98410898775637 -15.6947367222398 17.4489563213195 -0.532619466121884 0.845810758545376 -0.0303424626049963 -0.725820395613248 -0.438032704813289 0.530388633763755 0 0 0 0 0 0
-10.2993408392396 -15.6749499013112 17.8810297738439 -0.591267568156896 0.514808745630104 -0.620785484904882 -0.802249261886325 -0.296754191902186 0.51800875609523 0 0 0 0 0 0
-10.6463766046669 -15.4280035351836 18.0910265443433 -0.522806618413998 -0.319550215063032 -0.790291654894375 -0.762085889204834 -0.240202233286658 0.601271972238004 0 0 0 0 0 0
-11.1077107230959 -15.3716404163438 18.2749918118302 -0.0493411410002839 -0.811921114524676 -0.581678223413768 -0.916157664692889 -0.195146660598755 0.3501041477641 0 0 0 0 0 0
-11.6339984812799 -15.4159144706252 18.363122572695 -0.130911525840735 -0.714939200333656 -0.686821747055467 -0.967074968992995 -0.0604143253464765 0.247216734142591 0 0 0 0 0 0
-11.2121928850605 -15.977700979825 19.1193934653779 -0.424072353081197 -0.390120737042458 0.81729336830885 0.754447798118734 -0.651401339874497 0.0805283448451821 0 0 0 0 0 0
-10.8686766059459 -16.3274874913487 19.3580246438621 -0.707516451587849 -0.333124021394126 0.623256654278753 0.610501334092708 -0.732338579198933 0.301609559675936 0 0 0 0 0 0
-10.6208935943441 -16.557189508484 19.7888506669535 -0.78859436161081 -0.606331477120048 -0.102377110181229 0.558402924204451 -0.775845849479523 0.293682468127253 0 0 0 0 0 0
-10.4234646037681 -16.849393247635 20.1853325007926 -0.61934994868421 -0.331722339643917 -0.71159393648768 0.322846769231316 -0.933787798491361 0.154305900682894 0 0 0 0 0 0
-10.5613981856148 -17.2657504208627 20.2334907090837 0.29149050547765 -0.192473502797634 -0.93700973097252 0.256113616008464 -0.928082262632325 0.270313021296298 0 0 0 0 0 0
-10.7327374597564 -16.5801158730805 21.3453234585586 0.452765853262361 0.685490237263466 0.570180863179468 -0.887520804675038 0.28516553826273 0.361921865954934 0 0 0 0 0 0
-10.9738529087845 -16.5801265275032 21.7796514153968 0.239181069857273 0.956293944982555 -0.168209115720976 -0.85586470986723 0.289454661346083 0.428615908977847 0 0 0 0 0 0
-11.1728977213896 -16.2833165344509 22.0994511926469 -0.28111489935621 0.67538023787061 -0.681788785221484 -0.600685596835932 0.430225913759393 0.673856421564531 0 0 0 0 0 0
-11.3130496493468 -16.6436367780781 23.451611111531 -0.442505241237927 -0.526962113929636 0.725603226260588 0.893965650781826 -0.195321795784954 0.403329655881597 0 0 0 0 0 0
-10.8505086247783 -16.5636351048164 23.6295855650161 -0.160787668725392 -0.981563756073941 0.103343690411519 0.88255219269752 -0.0961075186381614 0.460287922963459 0 0 0 0 0 0
-10.5604729273528 -16.7090951732282 24.0165855075151 0.201974107036579 -0.62317562577813 -0.755551850982322 0.879583617514862 -0.223871738616758 0.419778637436659 0 0 0 0 0 0
-10.8848734277708 -16.8555526123099 24.8191092388928 -0.140973900901963 0.0746513592896749 0.987194780081767 -0.612417406153875 -0.79004872810685 -0.0277115112635142 0 0 0 0 0 0
-11.1181478334242 -17.3295853082747 24.8854730618712 -0.538999908386271 0.504871635903626 0.674228247717038 -0.610123098275761 -0.785878101463473 0.100724448822288 0 0 0 0 0 0
-11.1918928642379 -17.6482677887689 25.1852403446352 -0.858825949745606 0.471703116150871 -0.199785280381503 -0.499072012646694 -0.858397355728127 0.118663835568125 0 0 0 0 0 0
-11.4529269652633 -17.9114668087476 25.4572412293649 -0.489178398893318 0.279722017519522 -0.826111425275657 -0.493327467496755 -0.869840339789042 -0.00240688365354141 0 0 0 0 0 0
-11.8847640246605 -18.1512387028932 25.4698998535959 0.113603442604962 0.0437115475358574 -0.992564133162347 -0.57025323216311 -0.815215319298753 -0.101169335216547 0 0 0 0 0 0
15.4528968417322 19.822286522364 6.42312028978657 -0.2742127342309 0.822030961375356 0.499071613023544 0.902167067688689 0.399606739937287 -0.162508570157656 0 0 0 0 0 0
15.7508422245831 20.1586843463283 6.18673098097392 -0.0405396869152752 0.200544966703991 0.978845365782822 0.940711978026311 0.337854072881148 -0.0302588802741424 0 0 0 0 0 0
16.0239385259741 20.5112680038213 6.25970849588525 0.196272651295384 -0.62396488493403 0.756402583762604 0.9764913196756 0.194488411054432 -0.0929460088639016 0 0 0 0 0 0
16.4829660188474 20.5823432405697 6.44233672425723 -0.0675183271557 -0.929421503676068 0.362790496020241 0.989397617444448 -0.015509608137849 0.144401546566025 0 0 0 0 0 0
16.8876210666173 20.5092736625782 6.75912666386549 0.0652110349737998 -0.88736660728756 -0.456429649769394 0.997735676801913 0.0655280609993379 0.0151523086787128 0 0 0 0 0 0
17.7837895418858 20.701983626908 6.78791564936589 0.98550576364877 -0.162336285960633 -0.0492475387767074 0.00766007910993374 -0.247423219457855 0.968877223213107 0 0 0 0 0 0
17.8452541534668 20.3905484838321 7.07453884823593 0.73619062126775 0.614503097012661 0.283565359166546 -0.10451491944716 -0.310739269230845 0.944731569373456 0 0 0 0 0 0
17.9200751602764 20.0385596538771 7.35930180677721 0.0876079268265871 0.917761092874857 0.387349232040411 -0.113618333948335 -0.37710088491518 0.919176695084788 0 0 0 0 0 0
18.1972947692704 19.9505286515254 7.77476074222125 -0.721781056158959 0.669122582239609 0.176938059520995 -0.0954579007215627 -0.349443451483075 0.9320821119437 0 0 0 0 0 0
18.2944269015465 20.132039986413 8.27377892145661 -0.995263619022964 -0.0519647400957648 -0.0821583497649031 -0.0582513380302193 -0.357817758671599 0.931972764192668 0 0 0 0 0 0
19.5969939889159 20.2139177755018 8.57689616291928 0.862972529818696 -0.505225619127428 -0.00504842110246173 0.487223398942707 0.8347852279593 -0.25641174447294 0 0 0 0 0 0
19.9911412687473 20.6241769154738 8.65573948513229 0.527394677663755 -0.742410583174862 -0.413136030820245 0.706387494409996 0.653344471421439 -0.272319131542769 0 0 0 0 0 0
20.4930944190527 20.8215786230433 8.7044538901828 -0.0277313169529199 -0.535388034207725 -0.844150831834717 0.781786034803712 0.5146353106691 -0.352081088385059 0 0 0 0 0 0
20.8843027987135 20.8089863931551 8.62781706119831 -0.410158556001962 0.311440538805718 -0.857190031280573 0.874136211734132 0.402303064034435 -0.272099481814293 0 0 0 0 0 0
21.3072897537691 20.931587029332 8.37271554872547 -0.751830047875858 0.423244669116732 -0.50558434427428 0.64850040896715 0.613230288517019 -0.450994271376891 0 0 0 0 0 0
21.6280143093894 21.1018311039061 8.00525019292941 -0.782272555286781 0.607437886905366 0.138090053215407 0.519531101237642 0.758497936325931 -0.39340604397506 0 0 0 0 0 0
21.5844028636806 21.4335368413047 7.64377824609922 -0.276484934624207 0.604928928088722 0.746737619841988 0.466214409316907 0.763897767766091 -0.446211076674785 0 0 0 0 0 0
21.6782350728232 21.88065119274 7.33764506590294 0.198497326782056 0.178705680489898 0.963671671795441 0.473900706931746 0.843158662823621 -0.253971630846982 0 0 0 0 0 0
21.7636938291978 22.3922697648919 7.40733755961897 0.692486651775249 -0.445718168379741 0.567272026006318 0.69120142652704 0.635140892361103 -0.344726898889144 0 0 0 0 0 0
22.0437219937835 22.816038925448 7.44651495979629 0.606248042440934 -0.795188445202224 0.0117748738169522 0.727102831736576 0.548220618035497 -0.413250076880126 0 0 0 0 0 0
22.4006196402405 23.0163762984098 7.63262125663181 0.215310203309537 -0.428932543154487 -0.877301766653773 0.570913343546454 0.784141636625723 -0.243269085316119 0 0 0 0 0 0
22.824588371309 22.9084647676285 7.60719930410283 -0.114433445637372 0.367810752338928 -0.922832724269914 0.798675195941966 0.586488807644293 0.134717518886883 0 0 0 0 0 0
23.2347889572012 22.973442207075 7.44805793360994 -0.50289973683035 0.85996113880801 -0.0869407524466846 0.822725724564557 0.507093212063378 0.25686349763828 0 0 0 0 0 0
23.714002377913 23.2573140852445 7.3623907974801 -0.714325188467928 0.460823332216995 0.526670088010212 0.694831196549824 0.556677416102861 0.455323909653537 0 0 0 0 0 0
13.4229074600426 21.1146492519271 5.78945005863378 0.513242345884099 0.816122170075083 -0.265569007798959 -0.526838584377434 0.543866492746349 0.653184770244199 0 0 0 0 0 0
13.4227430967187 21.4308325685351 6.18070284524326 -0.186726643517008 0.686270720000684 -0.702969173912067 -0.741306441623533 0.371127638675546 0.559221812359433 0 0 0 0 0 0
13.1798196577876 21.7744910321878 6.43033155170313 -0.320521295346276 0.217953075771616 -0.921825664641226 -0.614302396949889 0.692948123156276 0.377432727404257 0 0 0 0 0 0
13.0360963958496 22.2366288013098 6.4707660295284 -0.625447937423118 -0.541960440486801 -0.561332128530445 -0.770724486803025 0.541275929032127 0.336160875315112 0 0 0 0 0 0
12.7757238440018 22.67533903663 6.34503876904647 -0.621303091912219 -0.760003429767051 0.190728222145114 -0.718164193977822 0.649671482175514 0.249333422821843 0 0 0 0 0 0
13.1203006316829 23.3972885438397 6.59073829207411 -0.447044733275409 -0.129744024637097 -0.885052255249195 0.0242996762638163 0.987298548297057 -0.157006694965525 0 0 0 0 0 0
13.479142179735 23.6082742772555 6.31785122035664 -0.909104380496548 0.293666553477394 -0.295447424647258 0.246699791997883 0.951036084208857 0.1861976883876 0 0 0 0 0 0
13.6260416856463 24.0251535814554 6.06747948199614 -0.908302718827573 0.299789265802091 0.291740581819333 0.298237860685511 0.953133565159889 -0.0508977938552277 0 0 0 0 0 0
13.4765078206748 24.5087182015587 5.92795675740585 -0.413852850121389 0.0283506758604382 0.909902224211294 0.256713551015962 0.962584654186775 0.086769443059767 0 0 0 0 0 0
13.3287612806979 24.9733073209791 5.91355077803645 0.158405686651923 -0.195863101924447 0.967752697614875 0.104716498383003 0.977932499614175 0.180782967020609 0 0 0 0 0 0
13.196546824398 25.3859246553427 6.13162372913499 0.679370249734398 -0.261520424608398 0.685611501718332 0.0818721114060376 0.955516476128922 0.283346468515289 0 0 0 0 0 0
13.161115660865 25.7437625467432 6.49523887257524 0.929503853159014 -0.249184169897362 0.271900416393778 0.0904037779918798 0.86867960840175 0.487055330400743 0 0 0 0 0 0
13.2098043080213 26.0649386875627 6.95201587814826 0.896703741436702 -0.33341884188654 -0.291125876500972 0.4392995391887 0.750918214801473 0.493090001468256 0 0 0 0 0 0
13.5484923419713 26.1427111911725 7.28304918095427 0.453591324854126 0.229320013742218 -0.86120104581587 0.42292365261703 0.795202411057724 0.434498227274924 0 0 0 0 0 0
14.0144935476024 26.3053015119085 7.2855682578014 -0.256021031093129 0.575495318549354 -0.776697090226163 0.56192410626477 0.742381703407891 0.364843398246066 0 0 0 0 0 0
14.3771043679451 26.6067114493631 7.12527333887943 -0.781813755548955 0.623439394917926 0.0095169584851512 0.565770858169016 0.702915238009753 0.431060905465096 0 0 0 0 0 0
14.5855460468797 27.0243662903456 7.03983363362452 -0.587403025680863 0.217066285836974 0.779640887187113 0.670642485475225 0.669779090618545 0.318801860794142 0 0 0 0 0 0
14.660198853185 27.4532748586078 7.07127507747732 0.205336945254174 -0.318186273012102 0.925523762299139 0.622692102170933 0.772046918999712 0.127271759463743 0 0 0 0 0 0
14.7685477585647 27.7979365384973 7.36002018074539 0.750406298887129 -0.607222935646192 0.261095179993314 0.604571268167074 0.790221423067098 0.100218183143912 0 0 0 0 0 0
15.0009772983065 28.0850286961708 7.70198966320265 0.682886760780878 -0.44851969588942 -0.57662444827588 0.551804783303332 0.833959444667542 0.00480892642568842 0 0 0 0 0 0
15.5030567952324 28.2057184891564 7.83940114949562 0.196951511935483 0.0485734752705361 -0.979209231699983 0.621592939232685 0.766187688853094 0.163029578132393 0 0 0 0 0 0
15.9910963093948 28.4460343188102 7.83498329743647 -0.438128816741409 0.275927318220222 -0.855515783022481 0.550577498482848 0.834686623991093 -0.0127537404208184 0 0 0 0 0 0
16.3860853247887 28.7011942164782 7.59231867920649 -0.79008828492409 0.563392855067997 -0.241555361944297 0.60190393352892 0.787636785911649 -0.131681237392355 0 0 0 0 0 0
16.5410445936026 29.0442370018068 7.28752371056419 -0.675235980508439 0.465248995026655 0.572363296563899 0.425729205003312 0.879504794990806 -0.21266395932416 0 0 0 0 0 0
14.9898123495949 19.0374813440481 7.09456958918733 -0.945775036164868 0.0218836417374562 -0.324084382825908 -0.278572220084265 0.458480079955438 0.843915596775755 0 0 0 0 0 0
14.838552300946 19.5130897149058 7.33382493546718 -0.928313413807336 -0.36446560647402 -0.0734780745725925 -0.292208297855047 0.593004677811666 0.750306445899366 0 0 0 0 0 0
15.6825774154057 19.1525221073118 8.38961405798514 -0.185053658492598 -0.499457297874321 0.846343636520407 0.976982006592933 -0.000502767078296515 0.213321133549661 0 0 0 0 0 0
15.9097163496046 19.2827011380345 8.84654546070179 0.52457221732341 -0.836304722186917 0.159431491432102 0.808977459222985 0.547989579081486 0.212750773646585 0 0 0 0 0 0
16.2190894760915 19.3912778635346 9.19657571503658 0.622542929844218 -0.489417210571359 -0.610664469653776 0.744657159778012 0.610440223206123 0.269904516974807 0 0 0 0 0 0
16.7272865921475 19.4622721054878 9.42117520770957 0.0609640816011105 -0.0574517949955639 -0.996485158949355 0.776516556807293 0.629997575658236 0.0111844386936428 0 0 0 0 0 0
17.223806424964 19.512158486248 9.38464208455829 -0.397574097910386 0.542117913639352 -0.740299266771256 0.695304387130326 0.704455157173965 0.142459611007213 0 0 0 0 0 0
17.8755970612289 19.6729748046738 9.8784089315903 -0.288033318845684 0.957549668335122 -0.0116378651839479 0.942520776468676 0.285620341377684 0.173423200628345 0 0 0 0 0 0
18.3565817461875 20.0295253511724 9.87924476112362 -0.587203735942704 0.669911219050479 0.454324477752665 0.806652594064594 0.530844367069018 0.2598381235307 0 0 0 0 0 0
18.6208595927607 20.4639395164864 9.77442561957564 -0.4104845108328 0.0530079244275354 0.910325560617871 0.730071254032724 0.617246552374737 0.293262097135971 0 0 0 0 0 0
18.6514822876253 20.8561824135265 9.98666863130063 0.325579180077597 -0.555909781825539 0.764828419954882 0.653510262692854 0.716892996471188 0.242876034564299 0 0 0 0 0 0
18.9547575792805 21.1538760506622 10.3353394378467 0.52715399569516 -0.848570286367222 0.0451346199416645 0.792691767350891 0.510189259407839 0.3336865019131 0 0 0 0 0 0
19.1586444543159 21.2212657081183 10.7490363536572 0.638493628692513 -0.277664630111933 -0.717794008963484 0.702301828616806 0.591683498296006 0.395831756388609 0 0 0 0 0 0
18.5891293377555 20.8378089949065 11.5505060251652 -0.176282286437601 -0.962182394984199 -0.207676657982552 0.804761223326441 -0.0193875210592288 -0.593281971289629 0 0 0 0 0 0
18.3154507405995 21.3666394806576 11.8984301026491 -0.265645460748966 0.936614843536635 0.228440635724722 0.256995229467652 -0.159582780537952 0.953145732921595 0 0 0 0 0 0
18.6570316274283 21.466056930385 12.3601826042857 -0.695317522516168 0.680516406071807 0.231151387512794 0.365448755617804 0.0578319817124106 0.929033190423579 0 0 0 0 0 0
18.7660758926324 21.8466273452629 12.7271173741941 -0.919040801264117 -0.235992330297397 0.315708133649758 0.288579921038357 0.142726961282288 0.946757964686128 0 0 0 0 0 0
18.6811845531606 22.1531023389199 13.1450170415909 -0.371568684670413 -0.858963902249038 0.352303458974511 0.325660846862634 0.23477189986812 0.915875083105237 0 0 0 0 0 0
18.6220830189583 22.3013243962675 13.5899490486357 0.461378939386417 -0.887095726808712 -0.0138074533636006 0.445226056907122 0.218044840067184 0.868464280192923 0 0 0 0 0 0
18.6460130439903 22.175062389545 14.0947701556653 0.846655127312677 -0.381963363741236 -0.370511921744273 0.46890383587552 0.206293993089857 0.858820109869504 0 0 0 0 0 0
18.7568124743267 22.8731202772565 15.1073051071375 0.0478016102950878 -0.719454534677909 0.692892616921691 0.527531194258385 -0.570866468848557 -0.62914411213068 0 0 0 0 0 0
19.069327774666 23.3775204722949 15.5556448293863 0.670566054940371 0.252094407391309 0.697703071315967 -0.222777363997665 0.965512064640047 -0.134746796343235 0 0 0 0 0 0
19.1315074458982 23.9744894970927 15.669295211914 0.992658215377885 0.0557530795053853 0.107337139744167 -0.0564039119971626 0.998403419968406 0.0030347498756156 0 0 0 0 0 0
19.1889813291894 24.3020684334746 15.9966875048889 0.72528488446265 0.195751087175503 -0.660032838758504 -0.119264819376556 0.979954597397341 0.15957722236865 0 0 0 0 0 0
11.1698596117763 15.9268970168976 -13.1714430464186 0.718336579684159 0.555703065553395 0.418553056639446 0.284545128077729 0.31432416777223 -0.905667923491566 0 0 0 0 0 0
11.1791381463505 16.37425307443 -13.506142290487 0.972758346487298 -0.151527825343997 0.175443773003825 0.229013385686666 0.510693767766721 -0.82870063638238 0 0 0 0 0 0
11.3742000083189 16.6690780487125 -13.9421241375214 0.820857430082133 -0.352759666120045 0.449170009504008 0.569794543698841 0.559626858798187 -0.60179062545266 0 0 0 0 0 0
11.7177921941327 17.0289057795564 -13.9455387654897 0.588065547960263 -0.787091551680118 -0.186187541409138 0.61108035396558 0.583174219068996 -0.535246327601197 0 0 0 0 0 0
12.1162669379121 17.1809374555357 -14.0729009006734 -0.223623133854663 -0.506696636435741 -0.832617086438734 0.683704688324173 0.527276354224224 -0.504507230314449 0 0 0 0 0 0
12.5566685370042 17.1997230994892 -14.3896783661156 -0.851017351250816 0.0494169069602432 -0.522807265803114 0.407205281451804 0.690735050928873 -0.597552464789532 0 0 0 0 0 0
12.665230325213 17.2833734294532 -14.9352947357191 -0.924521570516004 0.378451331142543 -0.0451049399407462 0.287975015975471 0.616120872320437 -0.733120359057796 0 0 0 0 0 0
12.6650762030202 17.3958361120977 -15.3851351394041 -0.521920681100712 0.730780452991192 0.439953102234042 0.192114100026017 0.603230187577323 -0.774083660444155 0 0 0 0 0 0
12.5495804377385 17.6545054885077 -15.8271601378108 0.120768829527236 0.686074531415702 0.717437542338946 0.253812983155194 0.677362887317174 -0.690477000679387 0 0 0 0 0 0
12.5660825285597 18.0401220548024 -16.1645130409855 0.244840546792556 0.537393171422414 0.807007859908987 0.0310994954740395 0.827560373648298 -0.560514629022606 0 0 0 0 0 0
12.3163673125157 18.4878125005431 -16.3154721322329 0.905750544683454 0.0523800224819784 0.420561867090222 0.236193751267863 0.761551795173688 -0.603532414315709 0 0 0 0 0 0
12.3471726585254 18.936736894544 -16.2896709018915 0.860774612731569 -0.413544357582681 -0.296729052147487 0.10171097460995 0.710976921803884 -0.695820878032679 0 0 0 0 0 0
12.5756909339282 19.310593268108 -16.6999705956313 0.84551628518051 -0.531241544095765 -0.0537087825341217 0.272057805488205 0.515173775142934 -0.812761054602101 0 0 0 0 0 0
12.901068676991 19.5666424250924 -16.9109772389484 0.0939805078409534 -0.877430236682331 -0.470408167341454 0.119961791075615 0.479037124340319 -0.869558854929147 0 0 0 0 0 0
13.1544711936387 19.5688220976015 -17.3211424142018 -0.785208200393813 -0.563589321335717 -0.256544652859213 0.0687128713378055 0.332435368169745 -0.940619618816427 0 0 0 0 0 0
13.2128962127138 19.437907592433 -17.7968892219483 -0.942936739106251 0.33213663572732 -0.0235703468665152 0.153692576341994 0.371351364314647 -0.915683764298031 0 0 0 0 0 0
13.1609240652804 19.4106547497553 -18.269595406849 -0.26292268474609 0.893500069633198 0.364045721594663 0.343630617774461 0.439299080634067 -0.830020672201606 0 0 0 0 0 0
12.830318174742 19.6771316268586 -18.5694345032617 0.653165811554818 0.691330201115451 0.308928754960761 0.0091523878605283 0.400742642616875 -0.916144949331106 0 0 0 0 0 0
12.7472957083895 20.003898956692 -18.9106047850223 0.991714578582275 0.0630783083352133 0.11190764783941 0.0910010770074888 0.269903575123379 -0.958577521183913 0 0 0 0 0 0
12.9076976647682 20.3785730415695 -19.2198301214003 0.76144342130069 -0.645916887706467 -0.054729245687215 0.236465977936652 0.355383141484014 -0.904315577675966 0 0 0 0 0 0
13.3090327998518 20.502109274209 -19.5207147278698 -0.113618007089908 -0.935739631711496 -0.333889637619007 0.20488473652125 0.306774729530948 -0.929468401863039 0 0 0 0 0 0
13.606265229876 20.5259889327024 -19.9658730238441 -0.699546453112638 -0.688918584403979 -0.18980501574075 0.129100607680569 0.139400680176525 -0.981784336533655 0 0 0 0 0 0
13.7835788130724 20.3449255117289 -20.3468016776318 -0.97879536994917 0.120465968781803 -0.165673094168994 0.158746704380185 -0.0650499143708358 -0.985174092477455 0 0 0 0 0 0
13.7130979643249 20.0632778954068 -20.8234704668003 -0.542979079454693 0.833758610845937 -0.100101439124456 0.269744230882615 0.060285655804491 -0.961043021726795 0 0 0 0 0 0
10.1241812261223 11.2880487809478 -20.1203779598774 0.665700752452095 0.690417811798126 -0.283135574127664 -0.716359276755079 0.697533387889696 0.0166300747461701 0 0 0 0 0 0
9.96635543602408 11.7314771291642 -19.9195864988132 0.0972203222674864 0.279980766838846 -0.955070143569852 -0.889890085005514 0.454185299594726 0.0425599605371941 0 0 0 0 0 0
9.84987217636306 12.2880256780707 -20.0158904631018 -0.270911204002383 -0.410533726837404 -0.870671682481388 -0.84465906759169 0.535202397245364 0.0104620035343094 0 0 0 0 0 0
9.60280317632515 12.5509021835574 -20.2474490285725 -0.517289856196519 -0.8506280929612 0.0940375039086954 -0.853092951826926 0.521274327656357 0.0224831241075539 0 0 0 0 0 0
9.2498525215512 12.6784098977219 -20.501055890168 -0.419513025792651 -0.557318790043294 0.716522565907714 -0.861022722249879 0.494290920271687 -0.119650983725069 0 0 0 0 0 0
8.8289710432835 12.526311355603 -20.8808389656465 0.657534707933185 -0.7432200493641 0.123580201029316 -0.159845044763734 0.0226788256876945 0.98688156965763 0 0 0 0 0 0
7.70983223904881 12.9254164271578 -20.8199038759142 -0.467834785710961 0.54293712688731 0.697387904631369 -0.494397746575748 0.493293088645887 -0.715704406074899 0 0 0 0 0 0
7.29092604926482 12.9702683124213 -21.1136650372732 0.280527062614536 0.890117601681615 0.35915904877565 -0.268615010293574 0.432035748051664 -0.860924554563536 0 0 0 0 0 0
7.03896660493589 13.4003547386394 -21.3013647973467 0.909553677370166 0.415357001544022 0.0138083036890081 -0.232581312577975 0.53628254464882 -0.811361180575268 0 0 0 0 0 0
6.93720231923304 13.8328287684319 -21.510281187046 0.908922444005104 -0.297631495798802 -0.292019662852275 -0.0742021073401678 0.573709044074552 -0.815691105758388 0 0 0 0 0 0
7.1765569779939 14.1777323682094 -21.7429699933536 0.116819883616991 -0.548122480221658 -0.828199771472663 -0.0243079726440267 0.832081622762094 -0.554120289763458 0 0 0 0 0 0
7.39060740854147 14.5929338567905 -22.0571536303461 -0.573819104231917 -0.566803874492012 -0.591155650805542 -0.0469895406812771 0.743414084323844 -0.667178748384197 0 0 0 0 0 0
7.42665979686776 14.7902551424963 -22.4722707099338 -0.963194984914 -0.144602752213592 0.226595377465591 -0.251767373611611 0.780641178893241 -0.572024946484751 0 0 0 0 0 0
7.26512717441395 15.0062823360074 -22.9302584530461 -0.728142990992486 0.12914914456018 0.673148039533571 -0.350725050759581 0.773578154810751 -0.527796151150501 0 0 0 0 0 0
6.90573934961069 15.1326159966187 -23.199762696635 -0.017875208842145 0.599995456473155 0.799803681612194 -0.339035325381811 0.748901511697575 -0.569387015939367 0 0 0 0 0 0
6.48701426563419 15.4427503779136 -23.2149835183004 0.671177809515751 0.641475051356253 0.371524032198633 -0.429139123889484 0.74488769868796 -0.510863904274633 0 0 0 0 0 0
6.36628100780095 15.9797023416707 -23.0937193069329 0.891007651690387 0.128106424877185 -0.435538871439011 -0.413894102196762 0.623412745925057 -0.663361304558019 0 0 0 0 0 0
6.42511831244212 16.4332430949135 -23.4091026885685 0.533878811642658 -0.68698153690331 -0.492980509181641 -0.178117724133994 0.47856937118429 -0.859793831865291 0 0 0 0 0 0
6.71331030778843 16.7151435333352 -23.7932661951111 -0.190855267582903 -0.901924229496817 -0.38743638327141 0.0314094915251783 0.388878299786377 -0.920753556494563 0 0 0 0 0 0
6.95712736595024 16.7552764246956 -24.2041739387825 -0.721674858725374 -0.61899037458085 -0.309897264363485 0.25882791380776 0.17392058009247 -0.950136696930616 0 0 0 0 0 0
7.21923133481586 16.6368386867389 -24.5696239556511 -0.929275046091121 0.015014721847657 -0.369083251909624 0.369310169823456 0.0171845397551393 -0.929147291907141 0 0 0 0 0 0
7.20535542981593 16.2805351772377 -24.8998257481152 -0.447387761060142 0.771210264508488 -0.452856400164932 0.447777362468291 -0.245161908521363 -0.859878521810554 0 0 0 0 0 0
7.06977146345104 16.0700387838086 -25.4159907101292 0.0745461160315834 0.990776101460537 -0.113161801679122 0.39635208719977 -0.133566870269354 -0.908330839583703 0 0 0 0 0 0
7.18417917212156 16.1997621053113 -25.9743709021941 0.600075487348468 0.722338211186627 0.343710515031474 0.550994025190935 -0.0617361726996064 -0.832222463758517 0 0 0 0 0 0
12.6423163792675 11.1523931590408 -19.8162305698134 -0.34055482780448 0.939977974976053 -0.0215363836096142 0.347840048785352 0.104676207103146 -0.931692112302934 0 0 0 0 0 0
12.5195743591726 11.1706101815276 -20.2968425483682 0.468410427601774 0.826471267052292 0.312309007316316 0.570950043772519 -0.013396889915841 -0.820875490471449 0 0 0 0 0 0
12.6642901152581 11.4930815192424 -20.6596362928169 0.833203864384486 -0.0459063050461851 0.551057103694133 0.547842945430022 -0.0668069075677585 -0.8339094340777 0 0 0 0 0 0
13.0436503939865 11.7116813698668 -20.9050670302025 0.546449311079398 -0.830858364918392 0.105202318729137 0.369584081763738 0.126514436658415 -0.920544243273434 0 0 0 0 0 0
13.3747246159727 11.797079415569 -21.3416552857401 -0.142415516347872 -0.98511570786561 -0.0962541574157083 0.517826015498446 0.0087231777211079 -0.855441478912175 0 0 0 0 0 0
13.7636781685259 11.7108347762069 -21.5645310596162 -0.746229347908259 -0.38730778667039 -0.541418912400461 0.505827509094305 0.198828883329857 -0.839407890240051 0 0 0 0 0 0
13.9953144777301 11.6109823421027 -22.0060902712541 -0.925898977380152 0.162568029636872 -0.34100252114372 0.335799661452808 -0.0593416563131193 -0.940062314527178 0 0 0 0 0 0
15.2437785320714 11.187961163875 -22.3607295660694 -0.373580731056208 -0.685679038571665 -0.624725294387018 0.143435583723275 0.622685331870554 -0.769213371435535 0 0 0 0 0 0
15.5008806269851 11.3994825132515 -22.7935472687384 -0.82803061326701 -0.468704676984343 -0.307703151211784 0.0950249251238504 0.42354779177327 -0.900875980193275 0 0 0 0 0 0
15.2624434052628 12.7143576708131 -23.386780992385 0.626642149901238 0.73258176859452 -0.265788578178371 0.323122376845181 -0.554604193492996 -0.766815569835345 0 0 0 0 0 0
15.269833799375 12.6514536739502 -23.887060758097 0.951581971628197 0.208610716759289 0.225772717849985 0.306773949665203 -0.597808661024478 -0.740617680460663 0 0 0 0 0 0
15.5406822461448 12.6011344902174 -24.3829990769378 0.773620107279673 -0.0135773984757574 0.633504209822806 0.587087868214562 -0.360805457145757 -0.72467044723041 0 0 0 0 0 0
15.7419233259059 11.4872785450156 -25.0272589647898 -0.171334375412546 -0.0611590690991331 -0.983312819030099 0.944913261312604 0.272335995390041 -0.181582031628942 0 0 0 0 0 0
16.1093621200886 11.2480188890822 -25.2174721193566 -0.122534020457602 0.785452532181271 -0.606671025779645 0.992226355821275 0.0835671363869956 -0.0922138413130547 0 0 0 0 0 0
16.4489074528358 11.2142285438981 -25.545961774731 0.0608322522827358 0.949893324055307 0.306597635342104 0.997192433357893 -0.04439843534562 -0.0602995007659738 0 0 0 0 0 0
16.8479424346591 11.4072933055611 -25.7156690304789 0.110338608154115 0.194137030428915 0.974749303650357 0.958708249003274 -0.279433998073239 -0.0528690269806623 0 0 0 0 0 0
17.3343486864335 11.6025880793933 -25.7025464721574 -0.0627713188135166 -0.65698620865891 0.751284821599906 0.935520869128977 -0.300950702033402 -0.185011833053365 0 0 0 0 0 0
17.7539650310605 11.5728054146392 -25.4954646914648 -0.232448545937869 -0.942653894915602 -0.239523084256646 0.970301494929378 -0.207802327618178 -0.123827305447066 0 0 0 0 0 0
18.022063922105 11.3140321691987 -25.1561367936822 0.0215203163848098 -0.392057547462975 -0.919688944948244 0.997974434483192 0.0635073624678832 -0.00372062230362369 0 0 0 0 0 0
18.9129564177935 11.3790018227541 -25.3918405315579 0.343486681256585 -0.91406220616978 -0.215655241186883 0.385233189151335 0.346549148364438 -0.855277193513409 0 0 0 0 0 0
19.3543052123426 11.478627924195 -25.6154007723104 -0.32799953359353 -0.740137718079172 -0.587037021182637 0.386492696433512 0.461889382257536 -0.798299188375702 0 0 0 0 0 0
19.6050115791308 11.5966007390909 -26.0303500023678 -0.773726759154067 -0.52021946685739 -0.361550284845079 0.364490256982745 0.10123944407564 -0.925687543141803 0 0 0 0 0 0
19.7800388400109 11.3797302002716 -26.3959235270584 -0.917685402395909 0.210393517050514 -0.33702829289627 0.359832523211811 0.0804772476961133 -0.929539653722357 0 0 0 0 0 0
20.332223850003 12.3081481718688 -25.6437633568198 0.00515247486432837 0.474194073657227 0.880405266062815 -0.00613079644493488 0.880415385837854 -0.474163644446654 0 0 0 0 0 0
-10.5328459413557 23.1815797194791 -0.753982941195468 -0.787311058934434 -0.259441150845749 -0.559313495034202 -0.300177610054072 0.953677230542591 -0.0198278180049978 0 0 0 0 0 0
-10.5815979417698 23.6121982807806 -1.01493058030212 -0.937632793756416 -0.338222572483697 0.0803133583848262 -0.347520804147391 0.906268076194164 -0.240639699044194 0 0 0 0 0 0
-10.4774558330522 24.0199521291835 -0.153879992778007 -0.715989676178463 -0.475893374399456 0.510768323027729 -0.270064456297581 0.863493994254796 0.42596163128924 0 0 0 0 0 0
-10.7754555505024 24.3836083378359 -0.139141093889216 -0.00521254754584294 -0.355506650729808 0.934659216310927 -0.384764142685603 0.86342711551474 0.326267023613037 0 0 0 0 0 0
-11.1670877123211 24.5783052418853 0.0149686087540073 0.594527213891298 -0.0778026192108557 0.800302533037714 -0.395780390650468 0.838071830536374 0.375490997545846 0 0 0 0 0 0
-11.4142697242385 24.7184501757026 0.387347681603601 0.86325894907883 0.445713729657112 0.236903478299624 -0.504485204244941 0.777378660124101 0.375735408873848 0 0 0 0 0 0
-11.489047506107 25.0463406209935 0.845781910777741 0.480972112500106 0.47833350076648 -0.734753624721695 -0.582495704685152 0.800693808572876 0.139957775548239 0 0 0 0 0 0
-11.6470231788052 25.536719817915 0.92264573537933 0.339550615752195 0.131495320756662 -0.931350825393637 -0.457361432470748 0.888320225994322 -0.041324280728186 0 0 0 0 0 0
-11.6066310666419 26.0028863102964 0.863250502538511 -0.65131685827077 -0.23180421398162 -0.72253246052524 -0.358194630417967 0.933352408055567 0.0234497146381496 0 0 0 0 0 0
-11.5073394205011 26.2960144216563 0.59921496555306 -0.997652989915294 -0.035550813898961 0.0585205207102217 -0.027188638913854 0.990066126252563 0.1379486990198 0 0 0 0 0 0
-11.6768507133313 26.8074269518176 0.442149916403731 -0.908758140431868 -0.241644657434241 0.340244767384161 -0.282991064278558 0.956038531924298 -0.0768529961323748 0 0 0 0 0 0
-12.0000319531807 27.0764568147982 0.239542479999039 -0.35469652781628 -0.0135966415454575 0.934882615355404 -0.352853772328143 0.927902614799981 -0.120378373477784 0 0 0 0 0 0
-12.4603047659416 27.3533582393701 0.261976243509191 0.460349375841064 0.261472169586115 0.84835768205084 -0.406619408124593 0.911604227185965 -0.0603190675747338 0 0 0 0 0 0
-12.8825988896892 27.6115529792118 0.408121079321001 0.931007316394817 0.323988871377257 0.168096960243224 -0.271960427216933 0.922906279956346 -0.272546371183184 0 0 0 0 0 0
-12.8662545900512 28.0488735711732 0.632957925137597 0.78009219490198 0.179731032600214 -0.599293687079609 -0.24353399407561 0.969537452628518 -0.0262358853516422 0 0 0 0 0 0
-12.6978857582026 28.4395532776511 0.758397572954281 -0.16741005448825 0.0864394314185939 -0.982090677255554 -0.441715734623227 0.883994967477753 0.153101623963529 0 0 0 0 0 0
-12.7039380648759 28.9726004664157 0.628010423184965 -0.69039230403349 -0.391457886263298 -0.608374218564199 -0.423668857682314 0.900434940484654 -0.0985982605554509 0 0 0 0 0 0
-12.8946066988475 29.2811462670748 0.260300202721314 -0.815736799465351 -0.39465989162459 0.422867643525599 -0.391125170489137 0.914952231651669 0.0994158679762664 0 0 0 0 0 0
-13.1768634982281 29.6320128580687 0.166686200758927 -0.355722132482788 -0.169508867711707 0.919091131623515 -0.433227884780911 0.901283249359072 -0.00145061125389549 0 0 0 0 0 0
-13.5777732077617 29.9320346167341 0.18998859718947 0.32606956622416 0.187012967069313 0.926663254980103 -0.588140501746833 0.80756234608939 0.0439750768456797 0 0 0 0 0 0
-13.9370115624522 30.1128376858628 0.391262031345132 0.632298792154552 0.683580030640776 0.364577260877652 -0.754277024225078 0.650589022264789 0.0883181455574537 0 0 0 0 0 0
-14.1597994299353 30.4120437733122 0.740321528240798 0.53554046472271 0.641931048611746 -0.548744876488891 -0.765181994346228 0.643782834345837 0.00633859053498776 0 0 0 0 0 0
-14.2989280299091 30.8410328129621 0.89601195109247 -0.0258671523571132 0.0474821158208404 -0.998537099514139 -0.827063806427857 0.560050031627493 0.048056447757899 0 0 0 0 0 0
-14.4807937162935 31.3141588371461 0.770841564100326 -0.442603362379263 -0.709562706867082 -0.548291007252563 -0.887182462406082 0.435432684745247 0.152661899158327 0 0 0 0 0 0
-8.72399483711536 24.173125629596 -1.25073550637138 0.811718203344272 -0.375276253897094 -0.44752797858962 0.54085814658805 0.772178669033461 0.333485484480288 0 0 0 0 0 0
-8.33104528581275 24.3842648572954 -1.02705340328474 0.247530629256891 -0.0486169793543572 -0.967659535631281 0.626346798240128 0.770012319183201 0.121534837147411 0 0 0 0 0 0
-7.83453281206084 24.4486064292409 -1.14985598267779 -0.43600469741229 0.548922094455119 -0.713151062576102 0.749586362771281 0.660033764179838 0.0497565562505687 0 0 0 0 0 0
-7.43923512264324 24.7140186813005 -1.33599829683371 -0.669196807024638 0.734722227677371 0.111170506991879 0.74096796442933 0.648494574158627 0.174416922849466 0 0 0 0 0 0
-7.13728743808015 25.068316396477 -1.53323935377912 -0.698194424261742 0.587865370876814 0.408581511639575 0.630710333542305 0.775113840008425 -0.0374567776289955 0 0 0 0 0 0
-6.95425803553724 25.4432402840388 -1.6866652776984 -0.322618645133682 0.141992517559081 0.93581800301626 0.616982403670165 0.781324767420018 0.0941505251044294 0 0 0 0 0 0
-6.93538937950132 25.9169128518006 -1.67205828302737 0.459891802060037 -0.18319584563569 0.868872149708918 0.341809361916951 0.939612044026955 0.0171920570443226 0 0 0 0 0 0
-6.90633898952026 26.4243067579395 -1.48824405208191 0.756650587037016 -0.538837019050166 0.370316831966454 0.5702643626159 0.820937526905288 0.02932803520374 0 0 0 0 0 0
-6.72386482117646 26.7387400304483 -1.16979637181706 0.735385557992848 -0.543422143421958 -0.404846211707894 0.642991328289492 0.748174967529268 0.163695967290262 0 0 0 0 0 0
-6.86572683133407 27.5837786518306 -1.95607534127404 -0.645370240862028 0.687168256845604 -0.3336121085834 0.747064396983574 0.476687582174826 -0.463318179828816 0 0 0 0 0 0
-6.69894721194049 27.7428931173625 -2.35719504962921 -0.143343198779294 0.884346445137851 0.444279295416483 0.696012698823404 0.409222699942153 -0.59000263128957 0 0 0 0 0 0
-6.5579818894697 28.0177766700504 -2.65217617188188 0.282232880982625 0.581350732936245 0.763135588350287 0.486713086560556 0.598728241402257 -0.636109160693397 0 0 0 0 0 0
-6.58346057594915 28.4456449779211 -2.89069505345597 0.681808806408799 0.150340186503918 0.715915204354103 0.411799131408405 0.729984777125705 -0.545475664476444 0 0 0 0 0 0
-6.41650761401567 28.8705628397326 -2.94007189944668 0.808660147447278 -0.551542062300988 0.204621893851368 0.584014705549043 0.71088148600754 -0.391885616671722 0 0 0 0 0 0
-6.02043042967547 29.2449436117032 -2.84686546170671 0.409409489509099 -0.746243337727636 -0.524885464455833 0.537249069891071 0.662178040210256 -0.522382694932062 0 0 0 0 0 0
-5.55661181421556 29.3672262686847 -2.86998819182152 -0.322413219860479 -0.343256658647337 -0.882170381475973 0.573935501358177 0.670213858548948 -0.47054375364005 0 0 0 0 0 0
-5.18171153616355 29.4217863759873 -3.25522096152628 -0.784866256443085 0.43906306052943 -0.437274042650084 0.596542608425862 0.726333252372828 -0.341433628733284 0 0 0 0 0 0
-4.85075028893044 29.69730761093 -3.63112938545608 -0.810156781653007 0.558767918615217 0.177269293077115 0.450437336796423 0.786898018603785 -0.421779224164945 0 0 0 0 0 0
-4.88576144532017 30.013911686785 -4.00868605322108 -0.31541374107126 0.510844349226894 0.799720090285584 0.526026367507187 0.795533856360721 -0.300702750354954 0 0 0 0 0 0
-5.02573511872808 30.4869878054958 -4.20691082669244 0.388797277782828 0.158622151417791 0.907565804704129 0.412374257095026 0.850925382703939 -0.325382029552159 0 0 0 0 0 0
-5.01044623957699 31.029588515685 -4.22661055019884 0.826176778150677 -0.298542822991956 0.477811797766192 0.515161621869889 0.743669302209961 -0.426103828078246 0 0 0 0 0 0
-4.75537155350307 31.3748617545417 -4.01769199646164 0.794472172518262 -0.581250162571334 -0.17596083542911 0.514361135821155 0.79806691403582 -0.313881861021174 0 0 0 0 0 0
-4.35136250130192 31.7158591607802 -3.92628652726579 0.41274599553516 -0.599676674746492 -0.685586339518722 0.70864061909882 0.684302040620552 -0.171927863261863 0 0 0 0 0 0
-3.94845040804736 31.8260722550297 -3.9182860594464 -0.347945439838688 -0.0375047495922446 -0.936764305817363 0.462446141015153 0.86231502260198 -0.206291949564543 0 0 0 0 0 0
-10.6699314855139 21.9495086086711 -1.72853514849744 -0.191607389090638 -0.170087889568237 0.966621289993187 -0.626173270427821 -0.737205044413158 -0.253841993951988 0 0 0 0 0 0
-11.8425619039644 21.7392006313035 -2.48549459264315 -0.696642945839447 -0.70873103030859 -0.111305582473938 -0.715112644413444 0.673568208637696 0.186868333627228 0 0 0 0 0 0
-12.2685554069172 22.0841439108005 -2.49838124438395 -0.318260757540654 -0.871070122793877 0.374094816036669 -0.927653781684233 0.367479057611961 0.0664650550557647 0 0 0 0 0 0
-12.743283521699 22.0096398506648 -2.5819439564124 0.0998042724006899 -0.275169673699584 0.956201212029473 -0.848334220035993 0.478665392833963 0.226292935857557 0 0 0 0 0 0
-13.2085667016553 21.8941662362287 -2.47565159214666 0.413113774748031 0.427376069612116 0.804168330784254 -0.879104105447541 0.417659837983807 0.229643705597649 0 0 0 0 0 0
-13.6442126912785 21.9984173983237 -2.18683706430957 0.692204810591967 0.665529548074742 0.279146772922005 -0.68880846833314 0.493796443241329 0.53076168531156 0 0 0 0 0 0
-13.711243653857 22.0997383492418 -1.69309364925415 0.139509731657653 0.839692863712321 -0.524836097656602 -0.718586835905022 0.450518464873136 0.529779267310794 0 0 0 0 0 0
-13.8100961137448 22.4833125430817 -1.34120259784882 -0.262365964275573 0.473617190513666 -0.840744228430794 -0.485842107489602 0.687945795702658 0.539154920931914 0 0 0 0 0 0
-13.783580064117 23.0221667552672 -1.18776694954011 -0.755344021671766 -0.21162615690402 -0.62021752525929 -0.611198978707794 0.568925481991292 0.550235953357761 0 0 0 0 0 0
-14.2049939483207 23.4131243045769 -1.14329861111368 -0.579215169784298 -0.768703902716871 -0.27130075016409 -0.800998303860443 0.474898791009257 0.364517291099668 0 0 0 0 0 0
-14.6332239590106 23.6513902474454 -1.28187774183736 -0.242976598298499 -0.884700515520676 0.397828317891952 -0.852446969137361 0.39045841319257 0.347672823751967 0 0 0 0 0 0
-15.1638724943686 23.5924451158368 -1.30107760113088 0.28018378178552 -0.33999438914231 0.897719813625672 -0.894520193715648 0.246865592118968 0.372680831895968 0 0 0 0 0 0
-15.6375483698112 23.3061893402128 -1.05978797199558 0.393960609954709 0.421517995891886 0.816772683764217 -0.919075044471892 0.190140627520778 0.345177641794765 0 0 0 0 0 0
-16.0268804927039 23.2223218558215 -0.65525804110662 0.371213557876128 0.915375110249527 0.155848971714971 -0.885303457082964 0.298280321942731 0.356744500194037 0 0 0 0 0 0
-16.21618042778 23.3744127259319 -0.28052148828256 -0.0541545724156302 0.719964314986861 -0.691894982950433 -0.933398640211274 0.209659028640641 0.291221685595712 0 0 0 0 0 0
-16.545204281048 23.6799962444624 -0.0874898796700734 -0.11598571622857 0.16328143953622 -0.979737967588235 -0.900321522825177 0.399307506476085 0.17313194624218 0 0 0 0 0 0
-16.8299651758086 24.1137878543409 -0.0592991348851371 -0.355769667694609 -0.486996296162854 -0.797660674141661 -0.868827240525683 0.486811618219737 0.0902976992331922 0 0 0 0 0 0
-17.1569465939866 24.4174115434624 -0.278311091736157 -0.526794866426523 -0.814466027284097 -0.243171254688383 -0.799563989440585 0.571903533960746 -0.183367866958923 0 0 0 0 0 0
-17.6141756989643 24.5103023049293 -0.522091886694469 -0.345671376906385 -0.763645356255389 0.545304565410215 -0.932569361133846 0.344013433310402 -0.109403584842545 0 0 0 0 0 0
-17.970940926059 24.3901101262819 -0.814430417469509 -0.31807828918602 -0.120034129694558 0.940435010863039 -0.905231994793278 0.333241846290795 -0.263637833937553 0 0 0 0 0 0
-18.4572348536125 24.2481277253125 -0.886623455047996 -0.16387503019487 0.176134101057477 0.970629565242737 -0.983472388025284 0.0476179526711139 -0.17468426539118 0 0 0 0 0 0
-18.9301209689935 24.0294036614969 -0.829731621429502 0.0207048532652023 0.639425581691706 0.768574156818644 -0.992673453651571 -0.0783831062869597 0.0919538094059749 0 0 0 0 0 0
-19.3594523134495 23.9162217471262 -0.560415492449067 0.00590343290623533 0.998740333546697 -0.0498286627048527 -0.999593969172661 0.00728285777080727 0.0275473551604519 0 0 0 0 0 0
-19.4374533713261 22.4777576136531 -0.699494478468694 0.388646382516695 -0.262013016332208 -0.883347705396457 0.837469610263914 -0.299297338457435 0.457237088474573 0 0 0 0 0 0
