t = 0
b = 184 184 184
E = 0 0 0
-13.5105 -12.8006 -13.0475 1 1 0 0 0 -1 0 0 0 0 0 0 
10.0015 1.21263 20.3289 1 1 0 0 0 -1 0 0 0 0 0 0 
3.10612 19.3853 -11.0107 1 1 0 0 0 -1 0 0 0 0 0 0 
18.0694 -14.743 -3.02809 1 1 0 0 0 -1 0 0 0 0 0 0 
-16.8587 15.6777 -0.52097 1 1 0 0 0 -1 0 0 0 0 0 0 
4.61241 -22.7878 6.69398 1 1 0 0 0 -1 0 0 0 0 0 0 
-20.9149 -11.875 8.52154 1 1 0 0 0 -1 0 0 0 0 0 0 
10.4138 7.30662 -18.5621 1 1 0 0 0 -1 0 0 0 0 0 0 
-10.4592 -6.12054 21.4317 1 1 0 0 0 -1 0 0 0 0 0 0 
10.8761 18.8644 2.1663 1 1 0 0 0 -1 0 0 0 0 0 0 
6.91683 18.2404 13.9846 1 1 0 0 0 -1 0 0 0 0 0 0 
-23.5684 0.110243 -9.14822 1 1 0 0 0 -1 0 0 0 0 0 0 
-8.47466 -1.27921 -20.8327 1 1 0 0 0 -1 0 0 0 0 0 0 
3.23664 -20.8068 -11.4919 1 1 0 0 0 -1 0 0 0 0 0 0 
20.8574 7.64655 5.21051 1 1 0 0 0 -1 0 0 0 0 0 0 
-12.5291 15.7553 -13.8169 1 1 0 0 0 -1 0 0 0 0 0 0 
-8.63455 -21.7488 -5.93173 1 1 0 0 0 -1 0 0 0 0 0 0 
-21.8514 4.80593 8.4873 1 1 0 0 0 -1 0 0 0 0 0 0 
3.72583 -16.104 16.7672 1 1 0 0 0 -1 0 0 0 0 0 0 
-3.73644 20.34 12.3603 1 1 0 0 0 -1 0 0 0 0 0 0 
-3.3127 5.36222 24.4075 1 1 0 0 0 -1 0 0 0 0 0 0 
19.82 10.9516 -8.22342 1 1 0 0 0 -1 0 0 0 0 0 0 
17.2533 -2.96183 14.4991 1 1 0 0 0 -1 0 0 0 0 0 0 
17.3805 -9.88593 -11.4725 1 1 0 0 0 -1 0 0 0 0 0 0 
-14.0653 6.15279 18.2582 1 1 0 0 0 -1 0 0 0 0 0 0 
1.43642 -5.49306 -22.9194 1 1 0 0 0 -1 0 0 0 0 0 0 
-0.0536133 6.03055 -22.4058 1 1 0 0 0 -1 0 0 0 0 0 0 
-1.65378 -17.3564 -15.3849 1 1 0 0 0 -1 0 0 0 0 0 0 
10.6723 -19.3811 7.5199 1 1 0 0 0 -1 0 0 0 0 0 0 
0.535781 -10.394 20.5175 1 1 0 0 0 -1 0 0 0 0 0 0 
-15.1268 -16.5466 11.3649 1 1 0 0 0 -1 0 0 0 0 0 0 
21.1163 -1.96003 -8.41218 1 1 0 0 0 -1 0 0 0 0 0 0 
-10.1185 17.7507 11.3492 1 1 0 0 0 -1 0 0 0 0 0 0 
-0.340813 -20.9436 12.1624 1 1 0 0 0 -1 0 0 0 0 0 0 
-19.99 2.96885 -14.1599 1 1 0 0 0 -1 0 0 0 0 0 0 
6.59392 20.7513 7.30627 1 1 0 0 0 -1 0 0 0 0 0 0 
11.831 13.5574 15.0486 1 1 0 0 0 -1 0 0 0 0 0 0 
0.641322 16.8556 17.2852 1 1 0 0 0 -1 0 0 0 0 0 0 
-5.99085 22.2287 -5.57389 1 1 0 0 0 -1 0 0 0 0 0 0 
21.8049 -5.0062 3.73746 1 1 0 0 0 -1 0 0 0 0 0 0 
-1.40739 -23.4032 -6.26159 1 1 0 0 0 -1 0 0 0 0 0 0 
19.7926 11.0418 -1.01085 1 1 0 0 0 -1 0 0 0 0 0 0 
13.6832 -9.27696 13.9024 1 1 0 0 0 -1 0 0 0 0 0 0 
-21.3403 -3.66201 9.85276 1 1 0 0 0 -1 0 0 0 0 0 0 
10.1336 -18.1919 -10.794 1 1 0 0 0 -1 0 0 0 0 0 0 
8.91983 18.0265 -10.022 1 1 0 0 0 -1 0 0 0 0 0 0 
-22.4606 -7.40544 -6.53837 1 1 0 0 0 -1 0 0 0 0 0 0 
-16.2998 9.44686 -14.6277 1 1 0 0 0 -1 0 0 0 0 0 0 
8.36268 -3.46021 -20.786 1 1 0 0 0 -1 0 0 0 0 0 0 
-20.7018 12.0573 5.56874 1 1 0 0 0 -1 0 0 0 0 0 0 
-17.4745 -17.0046 5.14356 1 1 0 0 0 -1 0 0 0 0 0 0 
-23.569 5.36018 -0.954671 1 1 0 0 0 -1 0 0 0 0 0 0 
-19.6728 -3.22032 -15.2645 1 1 0 0 0 -1 0 0 0 0 0 0 
-9.23725 2.19162 23.0984 1 1 0 0 0 -1 0 0 0 0 0 0 
-0.482751 22.7795 7.20182 1 1 0 0 0 -1 0 0 0 0 0 0 
-12.5215 18.5993 -6.67661 1 1 0 0 0 -1 0 0 0 0 0 0 
1.79089 -23.2542 -0.0589039 1 1 0 0 0 -1 0 0 0 0 0 0 
-18.9874 9.02194 12.538 1 1 0 0 0 -1 0 0 0 0 0 0 
-2.74278 -0.530878 -23.2488 1 1 0 0 0 -1 0 0 0 0 0 0 
-8.2459 -17.7989 -12.0886 1 1 0 0 0 -1 0 0 0 0 0 0 
-15.1032 -10.786 16.0986 1 1 0 0 0 -1 0 0 0 0 0 0 
-5.9659 16.3684 -16.4031 1 1 0 0 0 -1 0 0 0 0 0 0 
14.7496 16.6137 -2.84411 1 1 0 0 0 -1 0 0 0 0 0 0 
16.3106 8.46674 15.8039 1 1 0 0 0 -1 0 0 0 0 0 0 
-1.48047 11.0613 21.1923 1 1 0 0 0 -1 0 0 0 0 0 0 
-2.79737 -4.79352 23.9554 1 1 0 0 0 -1 0 0 0 0 0 0 
10.0617 -15.3686 13.2754 1 1 0 0 0 -1 0 0 0 0 0 0 
14.8022 -17.3992 2.18067 1 1 0 0 0 -1 0 0 0 0 0 0 
-0.248182 -11.5311 -19.5707 1 1 0 0 0 -1 0 0 0 0 0 0 
21.8176 -8.09325 -6.84724 1 1 0 0 0 -1 0 0 0 0 0 0 
14.1593 11.2575 -14.0866 1 1 0 0 0 -1 0 0 0 0 0 0 
2.86486 0.750013 23.2672 1 1 0 0 0 -1 0 0 0 0 0 0 
21.6744 -1.6353 9.11444 1 1 0 0 0 -1 0 0 0 0 0 0 
6.69427 3.24636 -22.2934 1 1 0 0 0 -1 0 0 0 0 0 0 
16.7953 -15.3578 -9.22335 1 1 0 0 0 -1 0 0 0 0 0 0 
-14.2271 -1.927 -18.0366 1 1 0 0 0 -1 0 0 0 0 0 0 
14.7686 16.648 -9.04208 1 1 0 0 0 -1 0 0 0 0 0 0 
20.6816 4.70814 -8.36711 1 1 0 0 0 -1 0 0 0 0 0 0 
-2.98341 11.4175 -19.5558 1 1 0 0 0 -1 0 0 0 0 0 0 
16.8945 2.32494 17.445 1 1 0 0 0 -1 0 0 0 0 0 0 
-15.9839 14.7295 10.094 1 1 0 0 0 -1 0 0 0 0 0 0 
21.5323 -8.36152 -1.50622 1 1 0 0 0 -1 0 0 0 0 0 0 
13.1663 -6.40579 -16.1225 1 1 0 0 0 -1 0 0 0 0 0 0 
-12.9085 -19.6756 0.0958348 1 1 0 0 0 -1 0 0 0 0 0 0 
-21.57 -11.4967 0.42068 1 1 0 0 0 -1 0 0 0 0 0 0 
-18.4693 -7.76191 -13.157 1 1 0 0 0 -1 0 0 0 0 0 0 
-3.32576 22.6131 1.07703 1 1 0 0 0 -1 0 0 0 0 0 0 
-7.98216 -19.5866 10.7828 1 1 0 0 0 -1 0 0 0 0 0 0 
21.5201 4.59044 11.4823 1 1 0 0 0 -1 0 0 0 0 0 0 
-2.69859 20.3078 -11.6688 1 1 0 0 0 -1 0 0 0 0 0 0 
-13.5105 -12.8006 56.9525 1 1 0 0 0 -1 0 0 0 0 0 0 
10.0015 1.21263 90.3289 1 1 0 0 0 -1 0 0 0 0 0 0 
3.10612 19.3853 58.9893 1 1 0 0 0 -1 0 0 0 0 0 0 
18.0694 -14.743 66.9719 1 1 0 0 0 -1 0 0 0 0 0 0 
-16.8587 15.6777 69.479 1 1 0 0 0 -1 0 0 0 0 0 0 
4.61241 -22.7878 76.694 1 1 0 0 0 -1 0 0 0 0 0 0 
-20.9149 -11.875 78.5215 1 1 0 0 0 -1 0 0 0 0 0 0 
10.4138 7.30662 51.4379 1 1 0 0 0 -1 0 0 0 0 0 0 
-10.4592 -6.12054 91.4317 1 1 0 0 0 -1 0 0 0 0 0 0 
10.8761 18.8644 72.1663 1 1 0 0 0 -1 0 0 0 0 0 0 
6.91683 18.2404 83.9846 1 1 0 0 0 -1 0 0 0 0 0 0 
-23.5684 0.110243 60.8518 1 1 0 0 0 -1 0 0 0 0 0 0 
-8.47466 -1.27921 49.1673 1 1 0 0 0 -1 0 0 0 0 0 0 
3.23664 -20.8068 58.5081 1 1 0 0 0 -1 0 0 0 0 0 0 
20.8574 7.64655 75.2105 1 1 0 0 0 -1 0 0 0 0 0 0 
-12.5291 15.7553 56.1831 1 1 0 0 0 -1 0 0 0 0 0 0 
-8.63455 -21.7488 64.0683 1 1 0 0 0 -1 0 0 0 0 0 0 
-21.8514 4.80593 78.4873 1 1 0 0 0 -1 0 0 0 0 0 0 
3.72583 -16.104 86.7672 1 1 0 0 0 -1 0 0 0 0 0 0 
-3.73644 20.34 82.3603 1 1 0 0 0 -1 0 0 0 0 0 0 
-3.3127 5.36222 94.4075 1 1 0 0 0 -1 0 0 0 0 0 0 
19.82 10.9516 61.7766 1 1 0 0 0 -1 0 0 0 0 0 0 
17.2533 -2.96183 84.4991 1 1 0 0 0 -1 0 0 0 0 0 0 
17.3805 -9.88593 58.5275 1 1 0 0 0 -1 0 0 0 0 0 0 
-14.0653 6.15279 88.2582 1 1 0 0 0 -1 0 0 0 0 0 0 
1.43642 -5.49306 47.0806 1 1 0 0 0 -1 0 0 0 0 0 0 
-0.0536133 6.03055 47.5942 1 1 0 0 0 -1 0 0 0 0 0 0 
-1.65378 -17.3564 54.6151 1 1 0 0 0 -1 0 0 0 0 0 0 
10.6723 -19.3811 77.5199 1 1 0 0 0 -1 0 0 0 0 0 0 
0.535781 -10.394 90.5175 1 1 0 0 0 -1 0 0 0 0 0 0 
-15.1268 -16.5466 81.3649 1 1 0 0 0 -1 0 0 0 0 0 0 
21.1163 -1.96003 61.5878 1 1 0 0 0 -1 0 0 0 0 0 0 
-10.1185 17.7507 81.3492 1 1 0 0 0 -1 0 0 0 0 0 0 
-0.340813 -20.9436 82.1624 1 1 0 0 0 -1 0 0 0 0 0 0 
-19.99 2.96885 55.8401 1 1 0 0 0 -1 0 0 0 0 0 0 
6.59392 20.7513 77.3063 1 1 0 0 0 -1 0 0 0 0 0 0 
11.831 13.5574 85.0486 1 1 0 0 0 -1 0 0 0 0 0 0 
0.641322 16.8556 87.2852 1 1 0 0 0 -1 0 0 0 0 0 0 
-5.99085 22.2287 64.4261 1 1 0 0 0 -1 0 0 0 0 0 0 
21.8049 -5.0062 73.7375 1 1 0 0 0 -1 0 0 0 0 0 0 
-1.40739 -23.4032 63.7384 1 1 0 0 0 -1 0 0 0 0 0 0 
19.7926 11.0418 68.9891 1 1 0 0 0 -1 0 0 0 0 0 0 
13.6832 -9.27696 83.9024 1 1 0 0 0 -1 0 0 0 0 0 0 
-21.3403 -3.66201 79.8528 1 1 0 0 0 -1 0 0 0 0 0 0 
10.1336 -18.1919 59.206 1 1 0 0 0 -1 0 0 0 0 0 0 
8.91983 18.0265 59.978 1 1 0 0 0 -1 0 0 0 0 0 0 
-22.4606 -7.40544 63.4616 1 1 0 0 0 -1 0 0 0 0 0 0 
-16.2998 9.44686 55.3723 1 1 0 0 0 -1 0 0 0 0 0 0 
8.36268 -3.46021 49.214 1 1 0 0 0 -1 0 0 0 0 0 0 
-20.7018 12.0573 75.5687 1 1 0 0 0 -1 0 0 0 0 0 0 
-17.4745 -17.0046 75.1436 1 1 0 0 0 -1 0 0 0 0 0 0 
-23.569 5.36018 69.0453 1 1 0 0 0 -1 0 0 0 0 0 0 
-19.6728 -3.22032 54.7355 1 1 0 0 0 -1 0 0 0 0 0 0 
-9.23725 2.19162 93.0984 1 1 0 0 0 -1 0 0 0 0 0 0 
-0.482751 22.7795 77.2018 1 1 0 0 0 -1 0 0 0 0 0 0 
-12.5215 18.5993 63.3234 1 1 0 0 0 -1 0 0 0 0 0 0 
1.79089 -23.2542 69.9411 1 1 0 0 0 -1 0 0 0 0 0 0 
-18.9874 9.02194 82.538 1 1 0 0 0 -1 0 0 0 0 0 0 
-2.74278 -0.530878 46.7512 1 1 0 0 0 -1 0 0 0 0 0 0 
-8.2459 -17.7989 57.9114 1 1 0 0 0 -1 0 0 0 0 0 0 
-15.1032 -10.786 86.0985 1 1 0 0 0 -1 0 0 0 0 0 0 
-5.9659 16.3684 53.5969 1 1 0 0 0 -1 0 0 0 0 0 0 
14.7496 16.6137 67.1559 1 1 0 0 0 -1 0 0 0 0 0 0 
16.3106 8.46674 85.8039 1 1 0 0 0 -1 0 0 0 0 0 0 
-1.48047 11.0613 91.1923 1 1 0 0 0 -1 0 0 0 0 0 0 
-2.79737 -4.79352 93.9554 1 1 0 0 0 -1 0 0 0 0 0 0 
10.0617 -15.3686 83.2754 1 1 0 0 0 -1 0 0 0 0 0 0 
14.8022 -17.3992 72.1807 1 1 0 0 0 -1 0 0 0 0 0 0 
-0.248182 -11.5311 50.4293 1 1 0 0 0 -1 0 0 0 0 0 0 
21.8176 -8.09325 63.1528 1 1 0 0 0 -1 0 0 0 0 0 0 
14.1593 11.2575 55.9134 1 1 0 0 0 -1 0 0 0 0 0 0 
2.86486 0.750013 93.2672 1 1 0 0 0 -1 0 0 0 0 0 0 
21.6744 -1.6353 79.1144 1 1 0 0 0 -1 0 0 0 0 0 0 
6.69427 3.24636 47.7066 1 1 0 0 0 -1 0 0 0 0 0 0 
16.7953 -15.3578 60.7766 1 1 0 0 0 -1 0 0 0 0 0 0 
-14.2271 -1.927 51.9634 1 1 0 0 0 -1 0 0 0 0 0 0 
14.7686 16.648 60.9579 1 1 0 0 0 -1 0 0 0 0 0 0 
20.6816 4.70814 61.6329 1 1 0 0 0 -1 0 0 0 0 0 0 
-2.98341 11.4175 50.4442 1 1 0 0 0 -1 0 0 0 0 0 0 
16.8945 2.32494 87.445 1 1 0 0 0 -1 0 0 0 0 0 0 
-15.9839 14.7295 80.094 1 1 0 0 0 -1 0 0 0 0 0 0 
21.5323 -8.36152 68.4938 1 1 0 0 0 -1 0 0 0 0 0 0 
13.1663 -6.40579 53.8775 1 1 0 0 0 -1 0 0 0 0 0 0 
-12.9085 -19.6756 70.0958 1 1 0 0 0 -1 0 0 0 0 0 0 
-21.57 -11.4967 70.4207 1 1 0 0 0 -1 0 0 0 0 0 0 
-18.4693 -7.76191 56.843 1 1 0 0 0 -1 0 0 0 0 0 0 
-3.32576 22.6131 71.077 1 1 0 0 0 -1 0 0 0 0 0 0 
-7.98216 -19.5866 80.7828 1 1 0 0 0 -1 0 0 0 0 0 0 
21.5201 4.59044 81.4823 1 1 0 0 0 -1 0 0 0 0 0 0 
-2.69859 20.3078 58.3312 1 1 0 0 0 -1 0 0 0 0 0 0 
12.6781 -19.3941 5.88157 -0.495849 0.0209999 -0.868155 -0.136467 -0.989171 0.0540163 0 0 0 0 0 0 
12.3454 -19.7502 5.91592 0.0732342 0.00370021 -0.997308 -0.294141 -0.955431 -0.0251441 0 0 0 0 0 0 
11.9418 -20.0696 5.85334 0.665339 -0.108919 -0.738553 -0.254525 -0.963122 -0.0872556 0 0 0 0 0 0 
11.7702 -20.461 5.62976 0.944951 -0.0661564 -0.320455 -0.140528 -0.966482 -0.21486 0 0 0 0 0 0 
11.636 -20.8098 5.30938 0.943079 -0.120739 0.309878 -0.041788 -0.967407 -0.249757 0 0 0 0 0 0 
11.8259 -21.2918 5.02776 0.663571 -0.0859406 0.743161 -0.0165226 -0.994821 -0.10029 0 0 0 0 0 0 
12.0424 -21.7644 4.81434 0.100866 0.032039 0.994384 -0.0867482 -0.995392 0.0408709 0 0 0 0 0 0 
12.2689 -22.1775 4.82847 -0.435913 0.118442 0.892161 0.00793483 -0.990758 0.135409 0 0 0 0 0 0 
12.499 -22.6353 5.10449 -0.85044 0.235133 0.4706 -0.159838 -0.967755 0.194685 0 0 0 0 0 0 
12.4779 -22.9491 5.51093 -0.930612 0.0338508 -0.364439 -0.0175763 -0.998698 -0.0478819 0 0 0 0 0 0 
12.3001 -23.3155 5.74705 -0.375156 -0.158801 -0.913258 -0.0828066 -0.975536 0.203646 0 0 0 0 0 0 
12.0178 -23.7126 5.85959 -0.065779 -0.0231454 -0.997566 -0.160759 -0.986425 0.0334873 0 0 0 0 0 0 
11.6661 -24.1516 5.79689 0.358334 0.0621033 -0.931526 -0.161073 -0.97871 -0.127209 0 0 0 0 0 0 
11.3817 -24.4251 5.55305 0.910764 -0.0940413 -0.402077 -0.0532065 -0.992331 0.111575 0 0 0 0 0 0 
11.3813 -24.737 5.23187 0.919362 -0.193194 0.342708 -0.184161 -0.981121 -0.0590463 0 0 0 0 0 0 
11.536 -25.1701 4.99966 0.62685 -0.142335 0.766028 0.0650914 -0.970168 -0.233532 0 0 0 0 0 0 
11.7003 -25.6 4.81525 -0.0101352 -0.122319 0.992439 0.0910097 -0.988484 -0.120902 0 0 0 0 0 0 
12.0029 -26.0476 4.86831 -0.558702 -0.0252962 0.828983 0.112076 -0.992669 0.0452437 0 0 0 0 0 0 
12.1886 -26.481 5.09984 -0.906297 0.136835 0.399878 -0.0474025 -0.973079 0.225545 0 0 0 0 0 0 
12.1421 -26.9604 5.32605 -0.921115 0.389247 -0.00587702 -0.387797 -0.916152 0.101383 0 0 0 0 0 0 
11.9488 -27.2571 5.64606 -0.720099 0.0822818 -0.688975 -0.261088 -0.952101 0.159177 0 0 0 0 0 0 
11.4955 -27.4792 5.8193 0.201857 -0.278597 -0.938955 -0.240072 -0.943518 0.22834 0 0 0 0 0 0 
11.1907 -27.9315 5.843 0.53876 -0.206364 -0.816793 -0.285787 -0.956813 0.0532338 0 0 0 0 0 0 
11.0464 -28.3112 5.54126 0.985869 -0.0813579 -0.146432 -0.0920746 -0.993431 -0.0679507 0 0 0 0 0 0 
9.60992 -22.9963 1.65826 -0.823038 -0.161519 0.544537 0.29656 -0.93986 0.169456 0 0 0 0 0 0 
9.80181 -23.4418 1.81771 -0.989174 -0.0654368 0.131352 0.10068 -0.953814 0.283022 0 0 0 0 0 0 
9.62696 -23.8204 2.16555 -0.858585 -0.0588516 -0.509283 -0.0892346 -0.96107 0.261497 0 0 0 0 0 0 
9.41282 -24.3335 2.384 -0.416628 0.0511454 -0.907637 0.0140761 -0.997933 -0.0626948 0 0 0 0 0 0 
9.0456 -24.6908 2.40582 0.337773 0.108643 -0.934937 0.0947471 -0.992195 -0.0810663 0 0 0 0 0 0 
8.87191 -25.1859 2.33249 0.78616 0.149735 -0.599609 0.054208 -0.983174 -0.174446 0 0 0 0 0 0 
8.90417 -25.5783 1.96641 0.966828 0.204873 0.152548 0.228624 -0.96042 -0.159135 0 0 0 0 0 0 
9.13002 -25.9605 1.74252 0.634824 0.200698 0.746136 0.282397 -0.959134 0.0177233 0 0 0 0 0 0 
9.52208 -26.3061 1.65698 0.207018 0.234555 0.949804 0.257899 -0.94958 0.178288 0 0 0 0 0 0 
9.85494 -26.5935 1.60673 -0.325284 -0.0683026 0.943146 0.376534 -0.924263 0.0629283 0 0 0 0 0 0 
10.1761 -27.0258 1.78409 -0.800158 -0.0124407 0.59966 0.187901 -0.954657 0.23092 0 0 0 0 0 0 
10.3922 -27.3682 2.14464 -0.987237 -0.159255 0.000495915 0.156555 -0.969919 0.186408 0 0 0 0 0 0 
10.3193 -27.6435 2.53964 -0.613577 -0.39893 -0.681453 0.324824 -0.914114 0.242662 0 0 0 0 0 0 
10.1876 -28.1505 2.61445 -0.253872 -0.0391148 -0.966447 0.0743388 -0.997016 0.0208243 0 0 0 0 0 0 
9.99714 -28.5747 2.62343 0.438912 0.100345 -0.892909 -0.0219788 -0.992248 -0.122313 0 0 0 0 0 0 
9.76983 -28.9569 2.58072 0.877348 0.0934645 -0.470663 0.106817 -0.994277 0.00166928 0 0 0 0 0 0 
9.76889 -29.3701 2.33472 0.990413 0.122513 -0.0638238 0.113746 -0.985427 -0.126474 0 0 0 0 0 0 
9.87732 -29.7284 2.03471 0.749769 0.0385525 0.660576 0.118508 -0.989984 -0.076732 0 0 0 0 0 0 
10.1041 -30.1354 1.90827 0.211982 0.00908382 0.977231 0.143619 -0.989389 -0.0219572 0 0 0 0 0 0 
10.4938 -30.4646 1.93898 -0.323451 -0.19084 0.9268 0.458083 -0.888609 -0.023106 0 0 0 0 0 0 
10.9104 -30.738 2.16585 -0.835397 -0.314775 0.450587 0.367269 -0.92958 0.0315296 0 0 0 0 0 0 
11.0347 -31.1288 2.40055 -0.957904 -0.282395 -0.0517075 0.257706 -0.925176 0.278635 0 0 0 0 0 0 
11.0853 -31.4812 2.79817 -0.797392 -0.195085 -0.571058 0.00634302 -0.948962 0.315327 0 0 0 0 0 0 
10.9131 -31.9302 3.03584 0.148922 -0.120257 -0.981509 0.104831 -0.985064 0.136599 0 0 0 0 0 0 
7.33153 -25.7059 2.2773 -0.803503 0.0160599 0.595084 -0.167332 -0.965426 -0.199883 0 0 0 0 0 0 
7.40723 -26.1293 2.43798 -0.978989 0.0663043 -0.192832 -0.00527975 -0.953584 -0.301081 0 0 0 0 0 0 
7.34706 -26.7143 2.59199 -0.864065 0.245891 -0.439238 -0.179433 -0.96571 -0.187637 0 0 0 0 0 0 
7.0867 -27.1381 2.69923 -0.278456 0.238492 -0.930368 -0.158876 -0.966773 -0.200273 0 0 0 0 0 0 
6.7217 -27.3816 2.54369 0.47296 0.0156068 -0.880946 -0.201561 -0.971412 -0.125423 0 0 0 0 0 0 
6.55288 -27.8038 2.27321 0.826022 0.201934 -0.526223 0.0512252 -0.95665 -0.286698 0 0 0 0 0 0 
6.3625 -28.0364 1.96401 0.985385 -0.162752 -0.0502762 -0.166495 -0.857869 -0.486148 0 0 0 0 0 0 
6.39038 -28.3924 1.59007 0.849939 -0.24211 0.467959 0.0208912 -0.871985 -0.489086 0 0 0 0 0 0 
6.66236 -28.8014 1.32496 0.283863 -0.296805 0.911772 0.159482 -0.923028 -0.350121 0 0 0 0 0 0 
6.98565 -29.1554 1.19465 -0.507925 -0.235831 0.82849 0.018486 -0.964556 -0.263229 0 0 0 0 0 0 
7.202 -29.6162 1.27657 -0.777246 -0.008173 0.629143 -0.0509764 -0.995811 -0.0759127 0 0 0 0 0 0 
7.21573 -30.0844 1.54209 -0.982225 0.171549 -0.0761959 -0.15035 -0.96203 -0.2278 0 0 0 0 0 0 
7.03007 -30.5557 1.71644 -0.812526 0.260422 -0.521519 -0.18752 -0.963875 -0.189158 0 0 0 0 0 0 
6.74036 -30.8935 1.83765 -0.167769 0.139216 -0.975947 -0.151018 -0.981923 -0.114108 0 0 0 0 0 0 
6.4162 -31.3409 1.77463 0.311957 0.182828 -0.932339 -0.139004 -0.961968 -0.235148 0 0 0 0 0 0 
6.14546 -31.6325 1.44397 0.821283 0.0759787 -0.565438 -0.172836 -0.911385 -0.373504 0 0 0 0 0 0 
5.94786 -31.8293 0.971773 0.985275 -0.169156 0.0248684 -0.152814 -0.93649 -0.315648 0 0 0 0 0 0 
6.08973 -32.102 0.547443 0.572028 -0.372104 0.730974 -0.0286754 -0.899705 -0.435556 0 0 0 0 0 0 
6.35541 -32.518 0.349727 0.207532 -0.24416 0.947268 0.0831787 -0.960439 -0.265778 0 0 0 0 0 0 
6.72101 -32.8523 0.337756 -0.636977 -0.264683 0.724019 0.119275 -0.961736 -0.246651 0 0 0 0 0 0 
6.83722 -33.4419 0.410021 -0.760389 -0.050392 0.64751 0.0898234 -0.995564 0.0280032 0 0 0 0 0 0 
6.9414 -33.8531 0.686992 -0.989947 0.0143051 -0.140715 -0.00315031 -0.996856 -0.0791777 0 0 0 0 0 0 
6.85813 -34.2723 0.842677 -0.58123 0.0560374 -0.811807 0.0957232 -0.985991 -0.136596 0 0 0 0 0 0 
6.76055 -34.7891 0.945936 -0.0352647 0.323698 -0.945503 0.0186288 -0.945714 -0.324465 0 0 0 0 0 0 
-18.2565 -20.1537 -3.36165 -0.562771 -0.269073 -0.781594 -0.594482 -0.525238 0.608864 0 0 0 0 0 0 
-18.7302 -20.179 -3.07467 -0.0887683 -0.591456 -0.801436 -0.26531 -0.761504 0.591373 0 0 0 0 0 0 
-19.1209 -20.4522 -2.87355 0.395535 -0.565389 -0.7238 -0.341393 -0.822108 0.45562 0 0 0 0 0 0 
-19.3806 -20.894 -2.73185 0.851073 -0.327457 -0.410423 -0.219712 -0.93207 0.288047 0 0 0 0 0 0 
-19.4588 -21.3364 -2.85579 0.927307 -0.0513168 0.370767 -0.21491 -0.884006 0.415148 0 0 0 0 0 0 
-19.4268 -21.8462 -2.90569 0.622826 0.351191 0.699108 -0.123735 -0.838125 0.531259 0 0 0 0 0 0 
-19.3743 -22.3182 -2.61346 0.329261 0.560113 0.760172 -0.0842592 -0.784422 0.614477 0 0 0 0 0 0 
-19.1633 -22.7162 -2.31567 -0.353414 0.665992 0.656927 -0.0618005 -0.717333 0.693984 0 0 0 0 0 0 
-18.875 -22.8476 -1.84695 -0.865665 0.468152 0.177365 -0.186899 -0.630889 0.753026 0 0 0 0 0 0 
-19.0474 -22.952 -1.3159 -0.90179 0.0711926 -0.426269 -0.350344 -0.697948 0.624601 0 0 0 0 0 0 
-19.3255 -23.2211 -0.870013 -0.683237 -0.22168 -0.695733 -0.445621 -0.628214 0.637784 0 0 0 0 0 0 
-19.7791 -23.3236 -0.5386 -0.065303 -0.572325 -0.817422 -0.346014 -0.755359 0.556514 0 0 0 0 0 0 
-20.2215 -23.555 -0.378478 0.367191 -0.737829 -0.566374 -0.352331 -0.673865 0.649437 0 0 0 0 0 0 
-20.5689 -23.9351 -0.230727 0.826507 -0.468306 -0.312372 -0.23112 -0.78828 0.570262 0 0 0 0 0 0 
-20.5916 -24.4112 -0.337444 0.828595 -0.111809 0.548569 -0.432777 -0.749516 0.500929 0 0 0 0 0 0 
-20.6183 -24.8634 -0.220687 0.696039 0.143967 0.703423 -0.288981 -0.840668 0.458003 0 0 0 0 0 0 
-20.4474 -25.3592 -0.230521 0.216542 0.437118 0.872948 -0.144414 -0.869984 0.471457 0 0 0 0 0 0 
-20.1877 -25.6636 0.0937941 -0.4324 0.580023 0.690365 0.0388506 -0.752946 0.656935 0 0 0 0 0 0 
-20.0566 -25.9032 0.549036 -0.804875 0.562402 0.18942 -0.326122 -0.685845 0.650585 0 0 0 0 0 0 
-20.0748 -26.0226 1.02799 -0.933616 0.240797 -0.265287 -0.356965 -0.561944 0.746187 0 0 0 0 0 0 
-20.3389 -26.0102 1.4455 -0.655598 -0.394763 -0.643703 -0.352144 -0.594253 0.723089 0 0 0 0 0 0 
-20.7124 -26.2349 1.75454 -0.0779432 -0.582419 -0.809143 -0.238639 -0.777119 0.582355 0 0 0 0 0 0 
-21.1265 -26.3934 1.9699 0.447254 -0.697155 -0.560303 -0.328987 -0.710764 0.621757 0 0 0 0 0 0 
-21.3613 -26.8113 1.9312 0.89826 -0.438856 0.0231244 -0.380024 -0.74926 0.542393 0 0 0 0 0 0 
-11.4382 -20.0361 -6.76488 -0.67387 0.428191 0.602123 -0.738849 -0.392096 -0.548055 0 0 0 0 0 0 
-11.8563 -20.3556 -6.71381 -0.575871 0.814869 0.0660365 -0.769583 -0.513061 -0.380146 0 0 0 0 0 0 
-12.3067 -20.4937 -6.58311 -0.177004 0.712187 -0.679308 -0.667621 -0.594015 -0.448808 0 0 0 0 0 0 
-12.7869 -20.6522 -6.71639 0.268813 0.445963 -0.853731 -0.694629 -0.524269 -0.492578 0 0 0 0 0 0 
-13.2006 -20.7683 -7.09491 0.736027 0.0667612 -0.673652 -0.578169 -0.455617 -0.676856 0 0 0 0 0 0 
-13.4753 -20.7397 -7.4569 0.771326 -0.471764 -0.427194 -0.596979 -0.303624 -0.742582 0 0 0 0 0 0 
-13.7021 -20.6153 -7.96182 0.695748 -0.717794 -0.0265718 -0.588446 -0.548377 -0.59415 0 0 0 0 0 0 
-13.7001 -20.7761 -8.42527 0.31817 -0.793725 0.518429 -0.608228 -0.590369 -0.530587 0 0 0 0 0 0 
-13.7483 -21.2227 -8.68431 -0.171902 -0.459036 0.871628 -0.49985 -0.721795 -0.478708 0 0 0 0 0 0 
-13.7957 -21.6501 -9.051 -0.456105 -0.142771 0.878399 -0.686408 -0.571778 -0.449348 0 0 0 0 0 0 
-13.8045 -22.1583 -8.92968 -0.916099 0.287316 0.279665 -0.400783 -0.676468 -0.61787 0 0 0 0 0 0 
-14.1234 -22.651 -9.03889 -0.573245 0.813238 0.100169 -0.760068 -0.482092 -0.435757 0 0 0 0 0 0 
-14.6356 -22.7637 -8.92811 -0.244442 0.778946 -0.577486 -0.58809 -0.592612 -0.550418 0 0 0 0 0 0 
-15.1375 -22.7904 -9.007 0.250815 0.272156 -0.92899 -0.743343 -0.560599 -0.364925 0 0 0 0 0 0 
-15.5325 -22.8516 -9.26384 0.631301 -0.144032 -0.762046 -0.741709 -0.399173 -0.539007 0 0 0 0 0 0 
-15.7488 -22.7965 -9.71386 0.728581 -0.533262 -0.429885 -0.671869 -0.434269 -0.600002 0 0 0 0 0 0 
-15.9771 -22.947 -10.2595 0.653784 -0.746713 0.122416 -0.488166 -0.539837 -0.685762 0 0 0 0 0 0 
-15.9765 -23.0774 -10.7045 0.148264 -0.798924 0.582871 -0.456633 -0.578099 -0.67623 0 0 0 0 0 0 
-15.9401 -23.4939 -11.0381 -0.350703 -0.467769 0.811295 -0.457906 -0.67004 -0.584267 0 0 0 0 0 0 
-15.9099 -24.0249 -11.1765 -0.740211 -0.0282767 0.67178 -0.491754 -0.658611 -0.569569 0 0 0 0 0 0 
-16.0766 -24.4913 -11.1784 -0.847566 0.37032 0.380124 -0.529759 -0.63281 -0.564719 0 0 0 0 0 0 
-16.3993 -24.9487 -11.2003 -0.773591 0.630249 -0.0659083 -0.509614 -0.68057 -0.526421 0 0 0 0 0 0 
-16.8412 -25.2117 -11.1347 -0.136285 0.647899 -0.749435 -0.474858 -0.706648 -0.524556 0 0 0 0 0 0 
-17.2123 -25.3369 -11.2977 0.0831649 0.542787 -0.835743 -0.787048 -0.478638 -0.389179 0 0 0 0 0 0 
-12.6661 -20.1797 -2.74408 -0.103185 -0.0589417 0.992914 -0.636276 -0.763371 -0.111438 0 0 0 0 0 0 
-12.3338 -20.4226 -3.35049 -0.429692 -0.0433492 0.901935 -0.714461 -0.594493 -0.36895 0 0 0 0 0 0 
-12.4456 -20.9452 -3.29149 -0.747854 0.579015 0.32474 -0.662438 -0.618836 -0.422158 0 0 0 0 0 0 
-12.8372 -21.2076 -3.19992 -0.461954 0.803272 -0.375969 -0.716776 -0.587794 -0.37514 0 0 0 0 0 0 
-13.2755 -21.3557 -3.1067 0.00453474 0.40146 -0.915865 -0.606797 -0.72688 -0.321625 0 0 0 0 0 0 
-13.7895 -21.5826 -3.33821 0.332726 0.542414 -0.771415 -0.637061 -0.473851 -0.607962 0 0 0 0 0 0 
-14.2497 -21.5169 -3.50141 0.639036 -0.10982 -0.761297 -0.737786 -0.367384 -0.566304 0 0 0 0 0 0 
-14.4883 -21.4975 -3.91611 0.775595 -0.553778 -0.302958 -0.577261 -0.428071 -0.69536 0 0 0 0 0 0 
-14.6175 -21.6147 -4.35804 0.524237 -0.816162 0.243013 -0.42532 -0.498171 -0.755598 0 0 0 0 0 0 
-14.53 -21.8578 -4.83973 0.205824 -0.810746 0.548021 -0.371268 -0.582837 -0.722814 0 0 0 0 0 0 
-14.5556 -22.2543 -5.16863 -0.235675 -0.455644 0.858397 -0.547788 -0.667307 -0.504608 0 0 0 0 0 0 
-14.5819 -22.8202 -5.22973 -0.71152 -0.0425436 0.701377 -0.43281 -0.759801 -0.485157 0 0 0 0 0 0 
-14.8009 -23.2972 -5.35808 -0.726727 0.58272 0.363738 -0.684361 -0.568455 -0.456628 0 0 0 0 0 0 
-15.1356 -23.6616 -5.27433 -0.508022 0.84 -0.19056 -0.70728 -0.533085 -0.464301 0 0 0 0 0 0 
-15.5441 -23.9082 -5.16862 -0.19289 0.609173 -0.769222 -0.694524 -0.638538 -0.331521 0 0 0 0 0 0 
-16.0584 -24.0624 -5.30317 0.305397 0.391611 -0.867971 -0.664262 -0.565487 -0.488857 0 0 0 0 0 0 
-16.4787 -24.0048 -5.53555 0.607648 -0.149822 -0.779947 -0.674009 -0.616728 -0.406644 0 0 0 0 0 0 
-16.7758 -23.9744 -5.94206 0.672848 -0.593055 -0.442223 -0.736973 -0.48532 -0.470463 0 0 0 0 0 0 
-17.0294 -24.0936 -6.33495 0.639242 -0.759063 0.123262 -0.53328 -0.553047 -0.640118 0 0 0 0 0 0 
-16.9942 -24.4099 -6.83196 0.393121 -0.713829 0.579572 -0.554806 -0.686798 -0.469573 0 0 0 0 0 0 
-16.8585 -24.7278 -7.21919 -0.267281 -0.584826 0.765859 -0.544608 -0.56399 -0.62074 0 0 0 0 0 0 
-17.0363 -25.2063 -7.33759 -0.657344 0.139972 0.740478 -0.642382 -0.617823 -0.453475 0 0 0 0 0 0 
-17.2108 -25.7021 -7.34004 -0.794404 0.550561 0.256525 -0.606779 -0.700406 -0.375834 0 0 0 0 0 0 
-17.5532 -26.0928 -7.24818 -0.553007 0.772267 -0.312709 -0.586497 -0.627398 -0.512243 0 0 0 0 0 0 
-9.76392 -10.7921 18.714 -0.291924 0.861478 0.415495 -0.14655 -0.469577 0.870644 0 0 0 0 0 0 
-9.44969 -10.8185 18.9822 -0.859088 0.321757 0.398045 0.0805269 -0.683039 0.725929 0 0 0 0 0 0 
-9.31093 -10.8624 19.4736 -0.982446 -0.186547 -0.000247957 0.124181 -0.654987 0.745367 0 0 0 0 0 0 
-9.50174 -10.9064 19.9146 -0.524522 -0.717773 -0.457908 0.0485682 -0.562181 0.825587 0 0 0 0 0 0 
-9.81049 -11.1211 20.3049 0.249739 -0.788476 -0.562082 -0.100901 -0.598506 0.794739 0 0 0 0 0 0 
-10.0447 -11.4336 20.6638 0.392176 -0.628172 -0.67201 -0.174078 -0.768013 0.616322 0 0 0 0 0 0 
-10.2502 -11.8715 20.7481 0.880235 -0.283165 -0.380794 0.0068422 -0.794795 0.606839 0 0 0 0 0 0 
-10.2464 -12.35 20.7533 0.874002 0.247893 0.417934 -0.105199 -0.743158 0.660795 0 0 0 0 0 0 
-10.0701 -12.7468 20.8731 0.607361 0.513951 0.605778 0.178997 -0.831461 0.525959 0 0 0 0 0 0 
-9.703 -13.1325 21.0661 0.252871 0.767934 0.588501 0.315114 -0.640475 0.700354 0 0 0 0 0 0 
-9.33998 -13.2822 21.3674 -0.440905 0.544599 0.713453 0.216678 -0.706793 0.67342 0 0 0 0 0 0 
-9.09136 -13.4289 21.7905 -0.886306 0.228059 0.403051 0.232231 -0.534112 0.812892 0 0 0 0 0 0 
-9.09024 -13.3258 22.2956 -0.949067 -0.312594 0.0394536 0.19714 -0.491471 0.848288 0 0 0 0 0 0 
-9.17609 -13.429 22.7952 -0.665665 -0.557547 -0.496016 0.0627871 -0.704165 0.707255 0 0 0 0 0 0 
-9.43549 -13.6492 23.2041 0.12037 -0.650901 -0.749559 -0.0737052 -0.758824 0.647111 0 0 0 0 0 0 
-9.75484 -14.0691 23.3635 0.704384 -0.438031 -0.558545 -0.0262765 -0.802435 0.596161 0 0 0 0 0 0 
-10.023 -14.3947 23.6631 0.856268 -0.246772 -0.453771 0.0214966 -0.860711 0.50864 0 0 0 0 0 0 
-10.0424 -14.9351 23.6467 0.990077 0.115945 0.0793931 0.0463527 -0.802831 0.594402 0 0 0 0 0 0 
-9.83825 -15.4724 23.669 0.627535 0.517862 0.581394 0.0404902 -0.767424 0.63986 0 0 0 0 0 0 
-9.49849 -15.7936 23.8951 -0.00552652 0.677311 0.735676 0.106547 -0.7311 0.673899 0 0 0 0 0 0 
-9.20354 -16.0182 24.285 -0.430848 0.673663 0.600457 0.0892836 -0.630296 0.771204 0 0 0 0 0 0 
-8.99813 -16.0714 24.7213 -0.852095 0.365304 0.374815 0.149541 -0.516355 0.843217 0 0 0 0 0 0 
-8.93596 -15.953 25.1912 -0.935246 -0.353012 0.0264168 0.211812 -0.498242 0.840768 0 0 0 0 0 0 
-8.97717 -16.071 25.6857 -0.503063 -0.747764 -0.433332 0.175327 -0.57927 0.796057 0 0 0 0 0 0 
-4.17119 -12.9117 20.8583 0.00920531 0.441888 -0.897023 -0.260258 0.867203 0.424528 0 0 0 0 0 0 
-3.91897 -12.4244 21.055 -0.622464 0.329647 -0.709839 -0.216622 0.798972 0.560998 0 0 0 0 0 0 
-3.93644 -11.8855 21.1933 -0.834287 -0.318855 -0.449774 -0.535325 0.663632 0.522513 0 0 0 0 0 0 
-4.25224 -11.4146 21.2256 -0.667737 -0.743534 0.0358343 -0.567621 0.53972 0.621698 0 0 0 0 0 0 
-4.71344 -11.1909 21.389 -0.390187 -0.871621 0.296701 -0.632688 0.48793 0.601357 0 0 0 0 0 0 
-5.27444 -11.1617 21.427 0.165844 -0.64665 0.74454 -0.625762 0.514516 0.586256 0 0 0 0 0 0 
-5.68091 -11.1556 21.657 0.660762 -0.148943 0.73567 -0.621073 0.441896 0.647299 0 0 0 0 0 0 
-5.99734 -11.1119 22.0445 0.880644 0.109453 0.460962 -0.460306 0.428036 0.777756 0 0 0 0 0 0 
-6.09376 -11.0799 22.4812 0.645274 0.748119 -0.154724 -0.424181 0.519303 0.741886 0 0 0 0 0 0 
-6.04387 -10.9217 22.9882 0.208918 0.78699 -0.580517 -0.384109 0.611946 0.691363 0 0 0 0 0 0 
-5.94438 -10.621 23.301 -0.424105 0.588249 -0.688548 -0.313791 0.617758 0.721048 0 0 0 0 0 0 
-5.93475 -10.195 23.5749 -0.816208 0.0596005 -0.574676 -0.410467 0.640177 0.649377 0 0 0 0 0 0 
-5.99076 -9.78683 23.8529 -0.798969 -0.137058 -0.585545 -0.438757 0.798737 0.411719 0 0 0 0 0 0 
-6.14756 -9.29651 23.893 -0.773898 -0.632453 0.0329399 -0.536591 0.682446 0.496324 0 0 0 0 0 0 
-6.50577 -8.94214 23.9593 -0.509721 -0.811615 0.285421 -0.702435 0.584153 0.406632 0 0 0 0 0 0 
-7.04918 -8.85523 24.0527 0.118693 -0.778426 0.616413 -0.712537 0.365579 0.598868 0 0 0 0 0 0 
-7.49834 -8.90074 24.2194 0.577338 -0.202449 0.791009 -0.559945 0.60691 0.564022 0 0 0 0 0 0 
-7.87343 -8.89545 24.6568 0.898284 0.110692 0.425244 -0.378282 0.687208 0.6202 0 0 0 0 0 0 
-8.06392 -8.81425 25.0642 0.810586 0.577884 -0.0948715 -0.358294 0.617525 0.700205 0 0 0 0 0 0 
-7.97736 -8.65302 25.5022 0.200159 0.793466 -0.574759 -0.460785 0.59394 0.659479 0 0 0 0 0 0 
-8.05651 -8.39746 25.9913 -0.165021 0.482406 -0.860263 -0.456373 0.735882 0.500201 0 0 0 0 0 0 
-7.92794 -7.92052 26.1459 -0.693097 0.206498 -0.690634 -0.382125 0.707141 0.594922 0 0 0 0 0 0 
-7.90571 -7.43536 26.2683 -0.923095 -0.326983 -0.202432 -0.368227 0.599665 0.7105 0 0 0 0 0 0 
-8.07032 -7.05977 26.4224 -0.696462 -0.592537 0.404772 -0.391465 0.786468 0.477728 0 0 0 0 0 0 
-7.04544 -15.396 18.271 -0.484922 0.678518 -0.551782 -0.772404 -0.0363692 0.634089 0 0 0 0 0 0 
-7.40386 -15.1632 18.6287 -0.434854 0.0935936 -0.895624 -0.89966 -0.00217647 0.436586 0 0 0 0 0 0 
-7.87206 -14.8568 18.6884 -0.282494 -0.656286 -0.699633 -0.855408 -0.157733 0.493353 0 0 0 0 0 0 
-8.33264 -14.6644 18.662 0.00133275 -0.944254 -0.329215 -0.770535 -0.210811 0.601527 0 0 0 0 0 0 
-8.84 -14.7913 18.6952 0.478598 -0.868492 0.129098 -0.783762 -0.356289 0.5087 0 0 0 0 0 0 
-9.26752 -15.0438 18.6499 0.661342 -0.401651 0.633485 -0.74757 -0.422038 0.512857 0 0 0 0 0 0 
-9.43928 -15.4739 18.8672 0.436365 0.334134 0.835428 -0.824944 -0.222135 0.519734 0 0 0 0 0 0 
-9.61778 -15.841 19.1239 0.0987079 0.790629 0.604287 -0.691243 -0.382358 0.613176 0 0 0 0 0 0 
-9.70823 -16.0577 19.5597 -0.172448 0.958817 0.22568 -0.820724 -0.266553 0.505333 0 0 0 0 0 0 
-9.94086 -16.0689 20.02 -0.341403 0.902463 -0.262688 -0.769475 -0.107858 0.629504 0 0 0 0 0 0 
-10.1119 -16.0005 20.4487 -0.570578 0.5257 -0.630936 -0.762489 -0.0537449 0.644765 0 0 0 0 0 0 
-10.456 -15.6915 20.6487 -0.623355 -0.297954 -0.722947 -0.730386 -0.108283 0.674397 0 0 0 0 0 0 
-10.8552 -15.4562 20.9514 -0.372749 -0.617982 -0.692211 -0.842865 -0.0865262 0.531122 0 0 0 0 0 0 
-11.3941 -15.4354 20.9372 0.133241 -0.979821 -0.148991 -0.789343 -0.195821 0.581887 0 0 0 0 0 0 
-11.8272 -15.5983 20.9958 0.517802 -0.7884 0.332124 -0.836969 -0.386487 0.38744 0 0 0 0 0 0 
-12.2844 -15.9393 21.0031 0.596817 -0.475261 0.64648 -0.799229 -0.423415 0.426558 0 0 0 0 0 0 
-12.5901 -16.3457 21.0493 0.517079 0.110321 0.848798 -0.792964 -0.311592 0.523564 0 0 0 0 0 0 
-12.7524 -16.7309 21.3847 0.152642 0.745691 0.648572 -0.744318 -0.344984 0.571819 0 0 0 0 0 0 
-12.9804 -16.8599 21.7846 -0.0835895 0.98227 0.167804 -0.608889 -0.183648 0.771705 0 0 0 0 0 0 
-12.9609 -16.8733 22.3161 -0.552186 0.7451 -0.374054 -0.730426 -0.216042 0.647923 0 0 0 0 0 0 
-13.1956 -16.7734 22.7547 -0.72241 0.299421 -0.623275 -0.672411 -0.094054 0.734178 0 0 0 0 0 0 
-13.484 -16.5761 23.0959 -0.642325 -0.145745 -0.752448 -0.751497 -0.0731036 0.655673 0 0 0 0 0 0 
-13.9096 -16.2784 23.2118 -0.460863 -0.691121 -0.556738 -0.672035 -0.137953 0.727556 0 0 0 0 0 0 
-14.3767 -16.2638 23.4203 -0.0386069 -0.984729 -0.169758 -0.815987 -0.066991 0.574175 0 0 0 0 0 0 
17.9324 17.1707 6.85935 0.493498 -0.549789 0.673938 0.807469 0.57755 -0.120121 0 0 0 0 0 0 
17.58 17.5376 6.99727 0.536145 -0.821141 0.195641 0.824946 0.558822 0.084751 0 0 0 0 0 0 
17.7613 17.8961 7.32703 0.719503 -0.597034 -0.354777 0.674194 0.723057 0.150503 0 0 0 0 0 0 
18.1864 18.1041 7.53297 0.361241 -0.244683 -0.899797 0.81589 0.550142 0.177954 0 0 0 0 0 0 
18.7132 18.0485 7.56847 0.0113249 0.339871 -0.940404 0.843815 0.501356 0.191357 0 0 0 0 0 0 
19.2087 18.0461 7.34997 -0.394377 0.7847 -0.47824 0.85635 0.502613 0.11851 0 0 0 0 0 0 
19.6923 18.2623 7.17825 -0.697531 0.711731 0.0829994 0.710215 0.70208 -0.0517552 0 0 0 0 0 0 
19.9127 18.7131 6.95416 -0.567937 0.625148 0.535385 0.685014 0.719618 -0.113607 0 0 0 0 0 0 
20.0766 19.1483 6.66136 -0.352517 0.264621 0.897612 0.600085 0.799936 -0.000156237 0 0 0 0 0 0 
20.0474 19.5814 6.53155 0.272932 -0.101099 0.956707 0.674978 0.728733 -0.115551 0 0 0 0 0 0 
20.1479 20.0031 6.80454 0.492507 -0.52272 0.695845 0.614761 0.774896 0.146985 0 0 0 0 0 0 
20.3669 20.3932 7.13729 0.555237 -0.829111 0.0654738 0.826559 0.558831 0.0671442 0 0 0 0 0 0 
20.7755 20.5208 7.34715 0.448058 -0.62629 -0.63797 0.840547 0.538178 0.0620077 0 0 0 0 0 0 
21.1971 20.6548 7.5968 0.211222 -0.194834 -0.957823 0.838752 0.539287 0.0752664 0 0 0 0 0 0 
21.6973 20.6295 7.66784 -0.158123 0.272444 -0.94909 0.818075 0.574401 0.0285912 0 0 0 0 0 0 
22.1401 20.6813 7.54793 -0.412601 0.681143 -0.604818 0.870603 0.490203 -0.0418525 0 0 0 0 0 0 
22.5667 20.8244 7.19745 -0.597812 0.772663 -0.213572 0.800539 0.589351 -0.108641 0 0 0 0 0 0 
22.9442 21.1845 6.96192 -0.72814 0.545457 0.415077 0.618863 0.783499 0.0560209 0 0 0 0 0 0 
23.0928 21.5882 6.69506 -0.213238 0.225068 0.950723 0.767862 0.640283 0.0206473 0 0 0 0 0 0 
23.2381 22.0521 6.63226 0.165363 -0.307427 0.937093 0.544428 0.820735 0.173182 0 0 0 0 0 0 
23.2531 22.5122 6.87257 0.577047 -0.611251 0.541654 0.659984 0.739665 0.131594 0 0 0 0 0 0 
23.4721 22.7891 7.25784 0.650464 -0.75719 0.059656 0.674099 0.611704 0.414015 0 0 0 0 0 0 
23.7667 22.986 7.64546 0.573072 -0.587682 -0.571155 0.78953 0.582701 0.192618 0 0 0 0 0 0 
24.2283 22.8853 7.82154 0.171119 0.171505 -0.970208 0.807934 0.539158 0.237805 0 0 0 0 0 0 
10.7286 21.2343 4.32255 0.503865 -0.197415 0.840921 0.306355 0.951089 0.0397164 0 0 0 0 0 0 
10.6308 21.6488 4.53675 0.872126 -0.379308 0.309065 0.359935 0.925246 0.11986 0 0 0 0 0 0 
10.734 21.9288 4.82151 0.846967 -0.140494 -0.512746 0.237126 0.963034 0.127817 0 0 0 0 0 0 
11.0357 22.1599 5.14772 0.631112 -0.182089 -0.754017 0.50908 0.830654 0.225504 0 0 0 0 0 0 
11.3868 22.3143 5.3917 0.0602986 0.286823 -0.956084 0.533251 0.800436 0.27376 0 0 0 0 0 0 
11.8546 22.5494 5.45631 -0.393234 0.426675 -0.814442 0.535839 0.826175 0.174104 0 0 0 0 0 0 
12.1431 22.9186 5.26764 -0.872444 0.438124 -0.216538 0.379796 0.886666 0.263779 0 0 0 0 0 0 
12.226 23.2952 5.0096 -0.744139 0.324193 0.584086 0.431488 0.900744 0.0497748 0 0 0 0 0 0 
12.3563 23.8071 4.99083 -0.770334 -0.0271989 0.637061 0.0914532 0.984048 0.152599 0 0 0 0 0 0 
12.159 24.3012 5.02469 -0.0653582 -0.327947 0.942433 0.256407 0.907221 0.333476 0 0 0 0 0 0 
12.0103 24.7088 5.25604 0.43187 -0.496107 0.753237 0.209412 0.867466 0.451276 0 0 0 0 0 0 
11.9213 25.027 5.61608 0.815361 -0.45359 0.359782 0.306707 0.865484 0.396067 0 0 0 0 0 0 
11.9538 25.3241 6.02401 0.891614 -0.157378 -0.424566 0.200411 0.977972 0.058359 0 0 0 0 0 0 
12.2958 25.6354 6.27641 0.540546 -0.0581401 -0.839303 0.458045 0.857132 0.235625 0 0 0 0 0 0 
12.7614 25.8331 6.37307 0.129501 0.140266 -0.981608 0.501652 0.844643 0.186876 0 0 0 0 0 0 
13.209 25.9853 6.5588 -0.418742 0.471508 -0.776103 0.491544 0.8363 0.242871 0 0 0 0 0 0 
13.6159 26.2641 6.48561 -0.788242 0.422934 -0.446992 0.377264 0.905995 0.191952 0 0 0 0 0 0 
13.839 26.7771 6.40752 -0.980316 0.196925 0.0142062 0.194472 0.950673 0.241664 0 0 0 0 0 0 
13.84 27.2479 6.31411 -0.814639 -0.00756262 0.579919 0.199944 0.934952 0.293064 0 0 0 0 0 0 
13.5633 27.6499 6.26018 -0.0112962 -0.0684592 0.99759 0.00512323 0.997637 0.0685204 0 0 0 0 0 0 
13.3458 28.1732 6.41464 0.488117 -0.383812 0.783856 0.153729 0.921883 0.355667 0 0 0 0 0 0 
13.3198 28.5334 6.73439 0.7797 -0.528614 0.335612 0.387632 0.82843 0.404284 0 0 0 0 0 0 
13.3151 28.7609 7.18008 0.88943 -0.445277 -0.103164 0.429755 0.737832 0.520495 0 0 0 0 0 0 
13.6083 28.96 7.65987 0.61408 -0.129123 -0.77861 0.312011 0.94588 0.0892164 0 0 0 0 0 0 
17.436 18.3122 11.7317 0.398056 -0.563194 0.72413 0.380554 0.819614 0.428265 0 0 0 0 0 0 
17.3956 18.6241 12.1054 0.870963 -0.489054 0.0474215 0.431409 0.807341 0.4026 0 0 0 0 0 0 
17.6072 18.7898 12.5257 0.842411 -0.369786 -0.391921 0.53121 0.691874 0.489005 0 0 0 0 0 0 
17.8434 18.9308 12.8967 0.611997 0.184605 -0.769013 0.503207 0.659254 0.55872 0 0 0 0 0 0 
18.2559 19.0863 13.0873 -0.0660185 0.572246 -0.81742 0.511966 0.722583 0.464505 0 0 0 0 0 0 
18.7027 19.3258 13.0881 -0.62241 0.632404 -0.461163 0.463787 0.772614 0.433554 0 0 0 0 0 0 
18.9611 19.7951 13.0281 -0.914143 0.382809 0.133419 0.400563 0.802286 0.442591 0 0 0 0 0 0 
19.1629 20.2907 12.9697 -0.846384 0.171991 0.504037 0.371193 0.869175 0.326725 0 0 0 0 0 0 
19.1201 20.7661 13.009 -0.373805 -0.286891 0.882022 0.416446 0.797801 0.435989 0 0 0 0 0 0 
19.1465 21.2293 13.3087 -0.257973 -0.702518 0.663263 0.414001 0.5399 0.732879 0 0 0 0 0 0 
18.985 21.5155 13.5974 0.581732 -0.6846 0.439217 0.393327 0.709425 0.584816 0 0 0 0 0 0 
19.0198 21.6352 14.0774 0.911244 -0.41166 0.0130605 0.327457 0.743357 0.58326 0 0 0 0 0 0 
19.0982 21.7837 14.567 0.857211 -0.164403 -0.488017 0.473765 0.623193 0.622236 0 0 0 0 0 0 
19.556 21.6981 14.939 0.469409 0.352446 -0.809591 0.322795 0.784922 0.528867 0 0 0 0 0 0 
19.9516 22.0195 15.0656 0.1548 0.397832 -0.904304 0.502905 0.756138 0.418737 0 0 0 0 0 0 
20.3647 22.2357 15.1628 -0.653124 0.564909 -0.504289 0.471587 0.824472 0.312811 0 0 0 0 0 0 
20.682 22.5528 15.0291 -0.787822 0.596586 0.153041 0.604638 0.701848 0.376592 0 0 0 0 0 0 
20.9105 23.0149 15.0536 -0.862076 0.180921 0.473384 0.351211 0.886694 0.300706 0 0 0 0 0 0 
20.9455 23.5229 15.0667 -0.59818 -0.244676 0.763095 0.285041 0.825009 0.487967 0 0 0 0 0 0 
20.8492 23.9592 15.3143 -0.0573161 -0.655272 0.753215 0.23815 0.723702 0.647719 0 0 0 0 0 0 
20.6001 24.2398 15.6242 0.631123 -0.572801 0.52305 0.272582 0.795079 0.541802 0 0 0 0 0 0 
20.6232 24.4765 16.0522 0.855871 -0.513172 0.064339 0.355378 0.67391 0.647728 0 0 0 0 0 0 
20.7958 24.6243 16.5253 0.930659 -0.158642 -0.329706 0.355529 0.604988 0.712452 0 0 0 0 0 0 
21.1825 24.7839 16.861 0.42322 0.400246 -0.812827 0.327642 0.768809 0.549166 0 0 0 0 0 0 
8.88917 18.3665 -16.3243 -0.374036 0.767423 0.520729 0.413383 0.640581 -0.647124 0 0 0 0 0 0 
8.80885 18.6588 -16.7154 0.235664 0.529356 0.815012 0.517778 0.641303 -0.566248 0 0 0 0 0 0 
8.94304 19.1895 -16.9921 0.494635 0.00462058 0.869088 0.790701 0.412666 -0.452216 0 0 0 0 0 0 
9.27961 19.6433 -17.052 0.488084 -0.350861 0.799169 0.836007 0.450978 -0.312588 0 0 0 0 0 0 
9.62762 19.9886 -16.9509 0.480408 -0.865616 0.141128 0.835132 0.402338 -0.375072 0 0 0 0 0 0 
10.1038 20.1345 -16.8095 0.142468 -0.768476 -0.623817 0.781757 0.473922 -0.405283 0 0 0 0 0 0 
10.6008 20.1797 -16.7417 -0.204852 -0.496079 -0.843766 0.709945 0.51813 -0.476989 0 0 0 0 0 0 
11.0299 20.0661 -16.8832 -0.46537 0.127726 -0.875852 0.84801 0.347851 -0.39985 0 0 0 0 0 0 
11.4048 19.9869 -17.1707 -0.453645 0.613295 -0.646588 0.891183 0.312103 -0.329219 0 0 0 0 0 0 
11.7682 20.0477 -17.5589 -0.427628 0.880275 -0.205548 0.799311 0.262021 -0.540784 0 0 0 0 0 0 
12.0025 20.2389 -17.9918 -0.361647 0.915641 0.175534 0.701955 0.391329 -0.59508 0 0 0 0 0 0 
12.1337 20.5006 -18.3622 0.067602 0.580708 0.8113 0.698137 0.553389 -0.454274 0 0 0 0 0 0 
12.2628 20.9963 -18.5219 0.225896 0.0921352 0.969784 0.575107 0.790903 -0.209103 0 0 0 0 0 0 
12.3197 21.4815 -18.5185 0.727127 -0.306306 0.614381 0.630794 0.651252 -0.421864 0 0 0 0 0 0 
12.6798 21.9591 -18.4977 0.624321 -0.679608 0.38517 0.780344 0.565225 -0.267553 0 0 0 0 0 0 
13.0123 22.2319 -18.4318 0.40169 -0.844517 -0.354169 0.787735 0.515874 -0.336673 0 0 0 0 0 0 
13.5454 22.3354 -18.4718 -0.108076 -0.697176 -0.708706 0.80254 0.359548 -0.476083 0 0 0 0 0 0 
14.0003 22.123 -18.5579 -0.363018 0.158539 -0.918196 0.917945 0.23004 -0.323199 0 0 0 0 0 0 
14.4564 21.9149 -18.8389 -0.452513 0.572199 -0.683974 0.891215 0.263425 -0.369246 0 0 0 0 0 0 
14.7894 21.9378 -19.2712 -0.457734 0.884974 -0.0854409 0.773907 0.349285 -0.528268 0 0 0 0 0 0 
15.0255 22.0498 -19.7566 -0.394166 0.83842 0.376411 0.671708 0.542351 -0.504642 0 0 0 0 0 0 
15.0704 22.4038 -20.0853 0.323181 0.48987 0.80968 0.635315 0.52181 -0.569288 0 0 0 0 0 0 
15.1563 22.7263 -20.433 0.56203 0.0608543 0.824875 0.633425 0.609642 -0.47656 0 0 0 0 0 0 
15.3013 23.1879 -20.5889 0.707515 -0.55342 0.439486 0.705856 0.523051 -0.477687 0 0 0 0 0 0 
6.22429 11.9828 -20.3268 0.507269 0.285165 0.81324 0.396638 0.760521 -0.514087 0 0 0 0 0 0 
6.30066 12.5461 -20.387 0.930626 -0.293344 0.218826 0.365844 0.729841 -0.577487 0 0 0 0 0 0 
6.54227 12.9731 -20.391 0.591113 -0.596078 -0.543393 0.375978 0.799651 -0.468187 0 0 0 0 0 0 
6.9875 13.3137 -20.499 -0.0580984 -0.668964 -0.741021 0.541907 0.602264 -0.586187 0 0 0 0 0 0 
7.383 13.3772 -20.8462 -0.490509 -0.57113 -0.658188 0.470215 0.46244 -0.751696 0 0 0 0 0 0 
7.70341 13.4629 -21.3152 -0.943446 -0.0853875 -0.32034 0.198586 0.628174 -0.752304 0 0 0 0 0 0 
7.82916 13.4656 -21.8239 -0.998366 -0.0122358 -0.0558143 0.0429704 0.483074 -0.874525 0 0 0 0 0 0 
7.73433 13.3933 -22.2873 -0.6135 0.77651 0.143701 0.374044 0.445999 -0.813127 0 0 0 0 0 0 
7.66768 13.586 -22.7455 -0.0965738 0.866559 0.489641 0.359683 0.48908 -0.794625 0 0 0 0 0 0 
7.44565 13.98 -23.0238 0.693505 0.554298 0.460223 0.218126 0.447272 -0.867392 0 0 0 0 0 0 
7.31689 14.4097 -23.178 0.957945 0.127356 0.257143 0.124698 0.622326 -0.772762 0 0 0 0 0 0 
7.32549 14.8254 -23.4405 0.922347 -0.384725 -0.035529 0.300558 0.772253 -0.559724 0 0 0 0 0 0 
7.61494 15.2017 -23.5657 0.576982 -0.72526 -0.37562 0.473019 0.671637 -0.570225 0 0 0 0 0 0 
8.08521 15.3798 -23.5132 -0.0457645 -0.532821 -0.84499 0.503992 0.718014 -0.48005 0 0 0 0 0 0 
8.45249 15.5313 -23.871 -0.646768 -0.284739 -0.707541 0.472766 0.578293 -0.664883 0 0 0 0 0 0 
8.81418 15.6476 -24.2589 -0.883263 -0.148376 -0.444781 0.3205 0.501337 -0.803704 0 0 0 0 0 0 
8.90552 15.5891 -24.7701 -0.821523 0.57 -0.0141573 0.284572 0.388375 -0.876461 0 0 0 0 0 0 
8.94896 15.71 -25.2917 -0.736428 0.578151 0.351306 -0.035188 0.48585 -0.873334 0 0 0 0 0 0 
8.75351 15.878 -25.703 -0.122296 0.779426 0.614441 0.134761 0.626396 -0.767768 0 0 0 0 0 0 
8.51484 16.1484 -26.0711 0.470346 0.60794 0.639674 0.0845422 0.690483 -0.718392 0 0 0 0 0 0 
8.36691 16.6419 -26.1632 0.882923 0.262509 0.389276 0.113005 0.685914 -0.718855 0 0 0 0 0 0 
8.40456 17.151 -26.2653 0.913033 -0.391137 -0.115686 0.19185 0.662104 -0.724439 0 0 0 0 0 0 
8.67919 17.6197 -26.4729 0.630965 -0.75038 -0.19701 0.474725 0.574286 -0.666958 0 0 0 0 0 0 
9.16159 17.891 -26.5789 0.0712042 -0.833188 -0.548386 0.590379 0.478341 -0.65011 0 0 0 0 0 0 
12.496 9.76445 -21.6183 0.81918 -0.267227 0.507479 0.572777 0.335633 -0.747848 0 0 0 0 0 0 
12.8978 10.0582 -21.8846 0.65113 -0.710682 0.266384 0.711783 0.44998 -0.539336 0 0 0 0 0 0 
13.3063 10.3026 -21.8845 0.255749 -0.827725 -0.499463 0.770497 0.486563 -0.411814 0 0 0 0 0 0 
13.7924 10.2553 -21.8727 -0.120587 -0.409729 -0.904202 0.723009 0.587894 -0.36282 0 0 0 0 0 0 
14.2388 10.2834 -22.1901 -0.646677 -0.125119 -0.752432 0.703083 0.284739 -0.651612 0 0 0 0 0 0 
14.5499 10.1385 -22.5608 -0.814668 0.341476 -0.468733 0.570949 0.330587 -0.751485 0 0 0 0 0 0 
14.6838 10.1387 -23.0322 -0.682116 0.723675 -0.104942 0.469564 0.323468 -0.82151 0 0 0 0 0 0 
14.6666 10.1767 -23.546 -0.0349855 0.915144 0.401606 0.452587 0.372791 -0.810057 0 0 0 0 0 0 
14.6802 10.4564 -24.0289 0.38752 0.56244 0.730404 0.546699 0.497738 -0.673333 0 0 0 0 0 0 
14.7283 10.9625 -24.2588 0.643729 -0.0518867 0.763493 0.745767 0.266251 -0.610689 0 0 0 0 0 0 
15.0338 11.3566 -24.39 0.589318 -0.438925 0.678269 0.789749 0.489943 -0.369123 0 0 0 0 0 0 
15.2593 11.8327 -24.3934 0.54063 -0.837345 0.0810707 0.741742 0.42899 -0.515546 0 0 0 0 0 0 
15.7119 12.064 -24.3765 0.163565 -0.91544 -0.367717 0.78444 0.346719 -0.514237 0 0 0 0 0 0 
16.2391 12.0386 -24.4265 -0.289276 -0.62544 -0.724669 0.785123 0.278073 -0.553405 0 0 0 0 0 0 
16.6936 11.9258 -24.6448 -0.679518 -0.10365 -0.7263 0.645667 0.385605 -0.659108 0 0 0 0 0 0 
17.0438 11.8624 -25.0162 -0.886961 0.267264 -0.376657 0.453578 0.350472 -0.819412 0 0 0 0 0 0 
17.1805 11.781 -25.5366 -0.731956 0.669661 -0.125676 0.4705 0.363359 -0.804114 0 0 0 0 0 0 
17.1409 11.855 -26.0771 -0.0863928 0.933703 0.347469 0.594949 0.328106 -0.733746 0 0 0 0 0 0 
17.2316 12.1536 -26.4845 0.318138 0.685168 0.655235 0.502653 0.464096 -0.729352 0 0 0 0 0 0 
17.193 12.6531 -26.7289 0.871217 0.0435017 0.488967 0.425803 0.428694 -0.796815 0 0 0 0 0 0 
17.3416 13.0919 -26.9895 0.850845 -0.368719 0.374312 0.525257 0.614532 -0.588604 0 0 0 0 0 0 
17.6514 13.5447 -26.9687 0.728172 -0.676311 -0.111218 0.575147 0.691204 -0.437542 0 0 0 0 0 0 
18.1743 13.7478 -27.0217 0.0240848 -0.708355 -0.705446 0.591741 0.578857 -0.561041 0 0 0 0 0 0 
18.6038 13.7657 -27.4412 -0.276848 -0.714971 -0.642006 0.678576 0.327587 -0.657436 0 0 0 0 0 0 
-13.3334 22.4061 1.13307 0.400342 0.0945286 0.911477 -0.0709025 0.994879 -0.0720361 0 0 0 0 0 0 
-13.532 22.8985 1.28097 0.886455 -0.0122403 0.462652 0.173439 0.935588 -0.307561 0 0 0 0 0 0 
-13.3691 23.3926 1.41759 0.832767 -0.374211 -0.408002 0.153784 0.864322 -0.478851 0 0 0 0 0 0 
-13.0248 23.8262 1.54533 0.555933 -0.389964 -0.734075 0.262929 0.920277 -0.289758 0 0 0 0 0 0 
-12.6354 24.2798 1.49214 -0.0826451 -0.284413 -0.955133 0.200774 0.934009 -0.295495 0 0 0 0 0 0 
-12.3501 24.564 1.32968 -0.738772 -0.0821546 -0.66893 0.126169 0.958136 -0.257016 0 0 0 0 0 0 
-12.2365 24.8975 0.966111 -0.967944 -0.034685 -0.248758 0.0750251 0.905272 -0.418154 0 0 0 0 0 0 
-12.1508 25.1315 0.53106 -0.955979 0.157494 0.247587 0.0720168 0.943878 -0.322347 0 0 0 0 0 0 
-12.2882 25.3444 0.0798408 -0.577934 0.397935 0.712488 0.000816218 0.87334 -0.487111 0 0 0 0 0 0 
-12.5926 25.8345 -0.0331914 -0.0492074 0.224968 0.973123 -0.0892551 0.969415 -0.228624 0 0 0 0 0 0 
-12.8901 26.2262 0.013107 0.67926 0.2103 0.703121 -0.0235886 0.963826 -0.265488 0 0 0 0 0 0 
-13.0568 26.7536 0.102977 0.954933 0.0738665 0.287483 -0.000670356 0.969074 -0.246769 0 0 0 0 0 0 
-13.0589 27.2215 0.183766 0.937287 -0.231042 -0.260984 0.16768 0.955297 -0.243499 0 0 0 0 0 0 
-12.6767 27.5382 0.360977 0.44338 -0.0997389 -0.890767 -0.0499476 0.989496 -0.135655 0 0 0 0 0 0 
-12.2984 27.9289 0.350424 -0.0723649 -0.172787 -0.982297 0.223779 0.956957 -0.184815 0 0 0 0 0 0 
-11.9381 28.2011 0.114219 -0.717055 -0.0562429 -0.694744 0.286062 0.885182 -0.366909 0 0 0 0 0 0 
-11.6496 28.4779 -0.1934 -0.981123 0.0650644 -0.18211 0.130058 0.918922 -0.372381 0 0 0 0 0 0 
-11.6731 28.6668 -0.629683 -0.863632 0.392144 0.3168 0.206544 0.848496 -0.487231 0 0 0 0 0 0 
-11.7667 29.0515 -0.996287 -0.509711 0.257632 0.820865 -0.0510099 0.943383 -0.327759 0 0 0 0 0 0 
-12.1628 29.4931 -1.199 0.214749 0.396118 0.892734 -0.139554 0.917125 -0.373371 0 0 0 0 0 0 
-12.3867 30.0169 -1.21209 0.603834 0.105924 0.790041 0.0103395 0.990007 -0.140637 0 0 0 0 0 0 
-12.664 30.3877 -0.985494 0.992858 0.0344798 0.114215 -0.0255353 0.996558 -0.0788706 0 0 0 0 0 0 
-12.5651 30.8968 -0.831148 0.894937 -0.203513 -0.397078 0.0933566 0.955631 -0.27938 0 0 0 0 0 0 
-12.3631 31.4129 -0.812229 0.295197 -0.400831 -0.867291 0.117817 0.916086 -0.383281 0 0 0 0 0 0 
-7.37712 24.2629 -4.15987 -0.570722 -0.163293 0.804744 0.38145 0.815147 0.435926 0 0 0 0 0 0 
-7.48011 24.7537 -4.00195 0.0917334 -0.478528 0.873267 0.506839 0.777307 0.372703 0 0 0 0 0 0 
-7.55365 25.0742 -3.66317 0.644425 -0.578185 0.500418 0.461052 0.815885 0.348946 0 0 0 0 0 0 
-7.41199 25.5353 -3.34335 0.738296 -0.659209 -0.142696 0.665809 0.678501 0.31038 0 0 0 0 0 0 
-7.12065 25.6318 -2.99123 0.7118 -0.163286 -0.683139 0.616349 0.611623 0.496015 0 0 0 0 0 0 
-6.66797 25.8326 -2.86596 0.269564 -0.0341887 -0.962375 0.663676 0.730722 0.159938 0 0 0 0 0 0 
-6.21371 26.0217 -2.81219 -0.240664 0.348055 -0.906057 0.657243 0.745349 0.111745 0 0 0 0 0 0 
-5.77881 26.3057 -2.87076 -0.61531 0.537493 -0.576623 0.648454 0.761054 0.0174489 0 0 0 0 0 0 
-5.4354 26.5961 -3.14437 -0.857477 0.512327 -0.0474778 0.514468 0.852384 -0.0936197 0 0 0 0 0 0 
-5.21472 26.89 -3.44035 -0.687527 0.337295 0.64307 0.443455 0.896288 0.00400314 0 0 0 0 0 0 
-5.08608 27.4492 -3.45669 -0.389117 0.00323775 0.921183 0.279962 0.953109 0.114909 0 0 0 0 0 0 
-5.25761 27.906 -3.43842 0.417141 -0.0712919 0.906042 0.292918 0.954267 -0.0597727 0 0 0 0 0 0 
-5.34628 28.3506 -3.25147 0.812823 -0.279946 0.510832 0.164832 0.951643 0.259242 0 0 0 0 0 0 
-5.34048 28.6048 -2.77049 0.968885 -0.243129 0.0463699 0.207561 0.900171 0.382897 0 0 0 0 0 0 
-4.98705 28.9092 -2.36294 0.82501 -0.349993 -0.443694 0.496235 0.824327 0.272462 0 0 0 0 0 0 
-4.57354 29.2238 -2.1589 0.420303 -0.272612 -0.865464 0.574982 0.817881 0.0216097 0 0 0 0 0 0 
-4.14813 29.3607 -2.08927 -0.0856996 0.178657 -0.980172 0.568016 0.817011 0.0992536 0 0 0 0 0 0 
-3.69248 29.6352 -2.3102 -0.735497 0.376963 -0.562976 0.410146 0.909102 0.0728929 0 0 0 0 0 0 
-3.36745 29.8288 -2.53596 -0.82483 0.520002 0.221931 0.55186 0.825817 0.116092 0 0 0 0 0 0 
-3.22102 30.2481 -2.76284 -0.537539 0.324759 0.778193 0.536599 0.843633 0.0185884 0 0 0 0 0 0 
-3.21254 30.7524 -2.85077 -0.299375 0.118123 0.946795 0.409731 0.91207 0.0157654 0 0 0 0 0 0 
-3.33149 31.2704 -2.84607 0.214639 -0.271735 0.938131 0.563565 0.818946 0.108272 0 0 0 0 0 0 
-3.28174 31.7925 -2.69552 0.595079 -0.425133 0.682013 0.365043 0.899018 0.241891 0 0 0 0 0 0 
-3.33794 32.1823 -2.40573 0.912226 -0.404662 -0.0639777 0.408683 0.909755 0.0729625 0 0 0 0 0 0 
-14.2639 21.1426 -2.33394 0.0815175 -0.243187 0.966548 -0.561771 0.789839 0.246105 0 0 0 0 0 0 
-14.5964 21.2106 -2.00446 0.589871 0.508315 0.62743 -0.760389 0.611169 0.219729 0 0 0 0 0 0 
-14.8986 21.5177 -1.70085 0.803302 0.595518 0.00806749 -0.576727 0.774432 0.26008 0 0 0 0 0 0 
-15.1475 21.9405 -1.4434 0.790402 0.361468 -0.494576 -0.400131 0.915967 0.0299819 0 0 0 0 0 0 
-15.1198 22.3382 -1.21485 0.163255 0.26597 -0.950057 -0.510075 0.847041 0.149481 0 0 0 0 0 0 
-15.0555 22.8003 -1.29271 -0.539958 -0.0730707 -0.838514 -0.479373 0.845562 0.235005 0 0 0 0 0 0 
-14.9771 23.2787 -1.25196 -0.671464 -0.388208 -0.631214 -0.482504 0.875532 -0.0251969 0 0 0 0 0 0 
-14.9763 23.7601 -1.43705 -0.82339 -0.561781 -0.080198 -0.560036 0.827248 -0.0449372 0 0 0 0 0 0 
-15.2962 24.0161 -1.71338 -0.659295 -0.502319 0.55947 -0.646585 0.75854 -0.0809009 0 0 0 0 0 0 
-15.8263 24.2488 -1.83064 -0.15396 -0.289723 0.944647 -0.493724 0.850693 0.180439 0 0 0 0 0 0 
-16.3313 24.315 -1.76159 0.342762 0.218578 0.91364 -0.513575 0.857952 -0.0125825 0 0 0 0 0 0 
-16.6821 24.5364 -1.66839 0.770084 0.511485 0.381254 -0.507291 0.853353 -0.120184 0 0 0 0 0 0 
-16.9532 24.8808 -1.42206 0.906364 0.413955 0.0845269 -0.422284 0.881236 0.212368 0 0 0 0 0 0 
-17.1362 25.1157 -1.00556 0.795406 0.486819 -0.361022 -0.480238 0.869623 0.114576 0 0 0 0 0 0 
-17.1164 25.5721 -0.734643 0.201659 0.204034 -0.957969 -0.515804 0.853572 0.0732184 0 0 0 0 0 0 
-17.1002 26.0361 -0.601107 -0.301855 -0.0295732 -0.952895 -0.545455 0.825116 0.14718 0 0 0 0 0 0 
-17.0606 26.5319 -0.73526 -0.70245 -0.302881 -0.64407 -0.298844 0.946813 -0.119318 0 0 0 0 0 0 
-17.2356 26.8649 -1.14686 -0.908641 -0.401132 0.116036 -0.409448 0.910427 -0.0589471 0 0 0 0 0 0 
-17.5209 27.2011 -1.45242 -0.68747 -0.361695 0.629731 -0.521008 0.849726 -0.0807261 0 0 0 0 0 0 
-17.8883 27.5056 -1.69116 -0.0912668 -0.28306 0.95475 -0.580207 0.794322 0.180034 0 0 0 0 0 0 
-18.3648 27.5878 -1.50258 0.320851 0.143033 0.936267 -0.704045 0.697254 0.134751 0 0 0 0 0 0 
-18.798 27.6879 -1.2215 0.689383 0.405347 0.60037 -0.643648 0.723017 0.250924 0 0 0 0 0 0 
-19.1352 28.0092 -0.876889 0.876976 0.409568 0.251333 -0.479591 0.778754 0.404395 0 0 0 0 0 0 
-19.1913 28.2992 -0.468323 0.553988 0.647805 -0.522921 -0.49581 0.761299 0.417846 0 0 0 0 0 0 
12.6781 -19.3941 75.8816 -0.495849 0.0209999 -0.868155 -0.136467 -0.989171 0.0540163 0 0 0 0 0 0 
12.3454 -19.7502 75.9159 0.0732342 0.00370021 -0.997308 -0.294141 -0.955431 -0.0251441 0 0 0 0 0 0 
11.9418 -20.0696 75.8533 0.665339 -0.108919 -0.738553 -0.254525 -0.963122 -0.0872556 0 0 0 0 0 0 
11.7702 -20.461 75.6298 0.944951 -0.0661564 -0.320455 -0.140528 -0.966482 -0.21486 0 0 0 0 0 0 
11.636 -20.8098 75.3094 0.943079 -0.120739 0.309878 -0.041788 -0.967407 -0.249757 0 0 0 0 0 0 
11.8259 -21.2918 75.0278 0.663571 -0.0859406 0.743161 -0.0165226 -0.994821 -0.10029 0 0 0 0 0 0 
12.0424 -21.7644 74.8143 0.100866 0.032039 0.994384 -0.0867482 -0.995392 0.0408709 0 0 0 0 0 0 
12.2689 -22.1775 74.8285 -0.435913 0.118442 0.892161 0.00793483 -0.990758 0.135409 0 0 0 0 0 0 
12.499 -22.6353 75.1045 -0.85044 0.235133 0.4706 -0.159838 -0.967755 0.194685 0 0 0 0 0 0 
12.4779 -22.9491 75.5109 -0.930612 0.0338508 -0.364439 -0.0175763 -0.998698 -0.0478819 0 0 0 0 0 0 
12.3001 -23.3155 75.7471 -0.375156 -0.158801 -0.913258 -0.0828066 -0.975536 0.203646 0 0 0 0 0 0 
12.0178 -23.7126 75.8596 -0.065779 -0.0231454 -0.997566 -0.160759 -0.986425 0.0334873 0 0 0 0 0 0 
11.6661 -24.1516 75.7969 0.358334 0.0621033 -0.931526 -0.161073 -0.97871 -0.127209 0 0 0 0 0 0 
11.3817 -24.4251 75.553 0.910764 -0.0940413 -0.402077 -0.0532065 -0.992331 0.111575 0 0 0 0 0 0 
11.3813 -24.737 75.2319 0.919362 -0.193194 0.342708 -0.184161 -0.981121 -0.0590463 0 0 0 0 0 0 
11.536 -25.1701 74.9997 0.62685 -0.142335 0.766028 0.0650914 -0.970168 -0.233532 0 0 0 0 0 0 
11.7003 -25.6 74.8152 -0.0101352 -0.122319 0.992439 0.0910097 -0.988484 -0.120902 0 0 0 0 0 0 
12.0029 -26.0476 74.8683 -0.558702 -0.0252962 0.828983 0.112076 -0.992669 0.0452437 0 0 0 0 0 0 
12.1886 -26.481 75.0998 -0.906297 0.136835 0.399878 -0.0474025 -0.973079 0.225545 0 0 0 0 0 0 
12.1421 -26.9604 75.326 -0.921115 0.389247 -0.00587702 -0.387797 -0.916152 0.101383 0 0 0 0 0 0 
11.9488 -27.2571 75.6461 -0.720099 0.0822818 -0.688975 -0.261088 -0.952101 0.159177 0 0 0 0 0 0 
11.4955 -27.4792 75.8193 0.201857 -0.278597 -0.938955 -0.240072 -0.943518 0.22834 0 0 0 0 0 0 
11.1907 -27.9315 75.843 0.53876 -0.206364 -0.816793 -0.285787 -0.956813 0.0532338 0 0 0 0 0 0 
11.0464 -28.3112 75.5413 0.985869 -0.0813579 -0.146432 -0.0920746 -0.993431 -0.0679507 0 0 0 0 0 0 
9.60992 -22.9963 71.6583 -0.823038 -0.161519 0.544537 0.29656 -0.93986 0.169456 0 0 0 0 0 0 
9.80181 -23.4418 71.8177 -0.989174 -0.0654368 0.131352 0.10068 -0.953814 0.283022 0 0 0 0 0 0 
9.62696 -23.8204 72.1656 -0.858585 -0.0588516 -0.509283 -0.0892346 -0.96107 0.261497 0 0 0 0 0 0 
9.41282 -24.3335 72.384 -0.416628 0.0511454 -0.907637 0.0140761 -0.997933 -0.0626948 0 0 0 0 0 0 
9.0456 -24.6908 72.4058 0.337773 0.108643 -0.934937 0.0947471 -0.992195 -0.0810663 0 0 0 0 0 0 
8.87191 -25.1859 72.3325 0.78616 0.149735 -0.599609 0.054208 -0.983174 -0.174446 0 0 0 0 0 0 
8.90417 -25.5783 71.9664 0.966828 0.204873 0.152548 0.228624 -0.96042 -0.159135 0 0 0 0 0 0 
9.13002 -25.9605 71.7425 0.634824 0.200698 0.746136 0.282397 -0.959134 0.0177233 0 0 0 0 0 0 
9.52208 -26.3061 71.657 0.207018 0.234555 0.949804 0.257899 -0.94958 0.178288 0 0 0 0 0 0 
9.85494 -26.5935 71.6067 -0.325284 -0.0683026 0.943146 0.376534 -0.924263 0.0629283 0 0 0 0 0 0 
10.1761 -27.0258 71.7841 -0.800158 -0.0124407 0.59966 0.187901 -0.954657 0.23092 0 0 0 0 0 0 
10.3922 -27.3682 72.1446 -0.987237 -0.159255 0.000495915 0.156555 -0.969919 0.186408 0 0 0 0 0 0 
10.3193 -27.6435 72.5396 -0.613577 -0.39893 -0.681453 0.324824 -0.914114 0.242662 0 0 0 0 0 0 
10.1876 -28.1505 72.6145 -0.253872 -0.0391148 -0.966447 0.0743388 -0.997016 0.0208243 0 0 0 0 0 0 
9.99714 -28.5747 72.6234 0.438912 0.100345 -0.892909 -0.0219788 -0.992248 -0.122313 0 0 0 0 0 0 
9.76983 -28.9569 72.5807 0.877348 0.0934645 -0.470663 0.106817 -0.994277 0.00166928 0 0 0 0 0 0 
9.76889 -29.3701 72.3347 0.990413 0.122513 -0.0638238 0.113746 -0.985427 -0.126474 0 0 0 0 0 0 
9.87732 -29.7284 72.0347 0.749769 0.0385525 0.660576 0.118508 -0.989984 -0.076732 0 0 0 0 0 0 
10.1041 -30.1354 71.9083 0.211982 0.00908382 0.977231 0.143619 -0.989389 -0.0219572 0 0 0 0 0 0 
10.4938 -30.4646 71.939 -0.323451 -0.19084 0.9268 0.458083 -0.888609 -0.023106 0 0 0 0 0 0 
10.9104 -30.738 72.1659 -0.835397 -0.314775 0.450587 0.367269 -0.92958 0.0315296 0 0 0 0 0 0 
11.0347 -31.1288 72.4006 -0.957904 -0.282395 -0.0517075 0.257706 -0.925176 0.278635 0 0 0 0 0 0 
11.0853 -31.4812 72.7982 -0.797392 -0.195085 -0.571058 0.00634302 -0.948962 0.315327 0 0 0 0 0 0 
10.9131 -31.9302 73.0358 0.148922 -0.120257 -0.981509 0.104831 -0.985064 0.136599 0 0 0 0 0 0 
7.33153 -25.7059 72.2773 -0.803503 0.0160599 0.595084 -0.167332 -0.965426 -0.199883 0 0 0 0 0 0 
7.40723 -26.1293 72.438 -0.978989 0.0663043 -0.192832 -0.00527975 -0.953584 -0.301081 0 0 0 0 0 0 
7.34706 -26.7143 72.592 -0.864065 0.245891 -0.439238 -0.179433 -0.96571 -0.187637 0 0 0 0 0 0 
7.0867 -27.1381 72.6992 -0.278456 0.238492 -0.930368 -0.158876 -0.966773 -0.200273 0 0 0 0 0 0 
6.7217 -27.3816 72.5437 0.47296 0.0156068 -0.880946 -0.201561 -0.971412 -0.125423 0 0 0 0 0 0 
6.55288 -27.8038 72.2732 0.826022 0.201934 -0.526223 0.0512252 -0.95665 -0.286698 0 0 0 0 0 0 
6.3625 -28.0364 71.964 0.985385 -0.162752 -0.0502762 -0.166495 -0.857869 -0.486148 0 0 0 0 0 0 
6.39038 -28.3924 71.5901 0.849939 -0.24211 0.467959 0.0208912 -0.871985 -0.489086 0 0 0 0 0 0 
6.66236 -28.8014 71.325 0.283863 -0.296805 0.911772 0.159482 -0.923028 -0.350121 0 0 0 0 0 0 
6.98565 -29.1554 71.1946 -0.507925 -0.235831 0.82849 0.018486 -0.964556 -0.263229 0 0 0 0 0 0 
7.202 -29.6162 71.2766 -0.777246 -0.008173 0.629143 -0.0509764 -0.995811 -0.0759127 0 0 0 0 0 0 
7.21573 -30.0844 71.5421 -0.982225 0.171549 -0.0761959 -0.15035 -0.96203 -0.2278 0 0 0 0 0 0 
7.03007 -30.5557 71.7164 -0.812526 0.260422 -0.521519 -0.18752 -0.963875 -0.189158 0 0 0 0 0 0 
6.74036 -30.8935 71.8376 -0.167769 0.139216 -0.975947 -0.151018 -0.981923 -0.114108 0 0 0 0 0 0 
6.4162 -31.3409 71.7746 0.311957 0.182828 -0.932339 -0.139004 -0.961968 -0.235148 0 0 0 0 0 0 
6.14546 -31.6325 71.444 0.821283 0.0759787 -0.565438 -0.172836 -0.911385 -0.373504 0 0 0 0 0 0 
5.94786 -31.8293 70.9718 0.985275 -0.169156 0.0248684 -0.152814 -0.93649 -0.315648 0 0 0 0 0 0 
6.08973 -32.102 70.5474 0.572028 -0.372104 0.730974 -0.0286754 -0.899705 -0.435556 0 0 0 0 0 0 
6.35541 -32.518 70.3497 0.207532 -0.24416 0.947268 0.0831787 -0.960439 -0.265778 0 0 0 0 0 0 
6.72101 -32.8523 70.3378 -0.636977 -0.264683 0.724019 0.119275 -0.961736 -0.246651 0 0 0 0 0 0 
6.83722 -33.4419 70.41 -0.760389 -0.050392 0.64751 0.0898234 -0.995564 0.0280032 0 0 0 0 0 0 
6.9414 -33.8531 70.687 -0.989947 0.0143051 -0.140715 -0.00315031 -0.996856 -0.0791777 0 0 0 0 0 0 
6.85813 -34.2723 70.8427 -0.58123 0.0560374 -0.811807 0.0957232 -0.985991 -0.136596 0 0 0 0 0 0 
6.76055 -34.7891 70.9459 -0.0352647 0.323698 -0.945503 0.0186288 -0.945714 -0.324465 0 0 0 0 0 0 
-18.2565 -20.1537 66.6384 -0.562771 -0.269073 -0.781594 -0.594482 -0.525238 0.608864 0 0 0 0 0 0 
-18.7302 -20.179 66.9253 -0.0887683 -0.591456 -0.801436 -0.26531 -0.761504 0.591373 0 0 0 0 0 0 
-19.1209 -20.4522 67.1264 0.395535 -0.565389 -0.7238 -0.341393 -0.822108 0.45562 0 0 0 0 0 0 
-19.3806 -20.894 67.2681 0.851073 -0.327457 -0.410423 -0.219712 -0.93207 0.288047 0 0 0 0 0 0 
-19.4588 -21.3364 67.1442 0.927307 -0.0513168 0.370767 -0.21491 -0.884006 0.415148 0 0 0 0 0 0 
-19.4268 -21.8462 67.0943 0.622826 0.351191 0.699108 -0.123735 -0.838125 0.531259 0 0 0 0 0 0 
-19.3743 -22.3182 67.3865 0.329261 0.560113 0.760172 -0.0842592 -0.784422 0.614477 0 0 0 0 0 0 
-19.1633 -22.7162 67.6843 -0.353414 0.665992 0.656927 -0.0618005 -0.717333 0.693984 0 0 0 0 0 0 
-18.875 -22.8476 68.1531 -0.865665 0.468152 0.177365 -0.186899 -0.630889 0.753026 0 0 0 0 0 0 
-19.0474 -22.952 68.6841 -0.90179 0.0711926 -0.426269 -0.350344 -0.697948 0.624601 0 0 0 0 0 0 
-19.3255 -23.2211 69.13 -0.683237 -0.22168 -0.695733 -0.445621 -0.628214 0.637784 0 0 0 0 0 0 
-19.7791 -23.3236 69.4614 -0.065303 -0.572325 -0.817422 -0.346014 -0.755359 0.556514 0 0 0 0 0 0 
-20.2215 -23.555 69.6215 0.367191 -0.737829 -0.566374 -0.352331 -0.673865 0.649437 0 0 0 0 0 0 
-20.5689 -23.9351 69.7693 0.826507 -0.468306 -0.312372 -0.23112 -0.78828 0.570262 0 0 0 0 0 0 
-20.5916 -24.4112 69.6626 0.828595 -0.111809 0.548569 -0.432777 -0.749516 0.500929 0 0 0 0 0 0 
-20.6183 -24.8634 69.7793 0.696039 0.143967 0.703423 -0.288981 -0.840668 0.458003 0 0 0 0 0 0 
-20.4474 -25.3592 69.7695 0.216542 0.437118 0.872948 -0.144414 -0.869984 0.471457 0 0 0 0 0 0 
-20.1877 -25.6636 70.0938 -0.4324 0.580023 0.690365 0.0388506 -0.752946 0.656935 0 0 0 0 0 0 
-20.0566 -25.9032 70.549 -0.804875 0.562402 0.18942 -0.326122 -0.685845 0.650585 0 0 0 0 0 0 
-20.0748 -26.0226 71.028 -0.933616 0.240797 -0.265287 -0.356965 -0.561944 0.746187 0 0 0 0 0 0 
-20.3389 -26.0102 71.4455 -0.655598 -0.394763 -0.643703 -0.352144 -0.594253 0.723089 0 0 0 0 0 0 
-20.7124 -26.2349 71.7545 -0.0779432 -0.582419 -0.809143 -0.238639 -0.777119 0.582355 0 0 0 0 0 0 
-21.1265 -26.3934 71.9699 0.447254 -0.697155 -0.560303 -0.328987 -0.710764 0.621757 0 0 0 0 0 0 
-21.3613 -26.8113 71.9312 0.89826 -0.438856 0.0231244 -0.380024 -0.74926 0.542393 0 0 0 0 0 0 
-11.4382 -20.0361 63.2351 -0.67387 0.428191 0.602123 -0.738849 -0.392096 -0.548055 0 0 0 0 0 0 
-11.8563 -20.3556 63.2862 -0.575871 0.814869 0.0660365 -0.769583 -0.513061 -0.380146 0 0 0 0 0 0 
-12.3067 -20.4937 63.4169 -0.177004 0.712187 -0.679308 -0.667621 -0.594015 -0.448808 0 0 0 0 0 0 
-12.7869 -20.6522 63.2836 0.268813 0.445963 -0.853731 -0.694629 -0.524269 -0.492578 0 0 0 0 0 0 
-13.2006 -20.7683 62.9051 0.736027 0.0667612 -0.673652 -0.578169 -0.455617 -0.676856 0 0 0 0 0 0 
-13.4753 -20.7397 62.5431 0.771326 -0.471764 -0.427194 -0.596979 -0.303624 -0.742582 0 0 0 0 0 0 
-13.7021 -20.6153 62.0382 0.695748 -0.717794 -0.0265718 -0.588446 -0.548377 -0.59415 0 0 0 0 0 0 
-13.7001 -20.7761 61.5747 0.31817 -0.793725 0.518429 -0.608228 -0.590369 -0.530587 0 0 0 0 0 0 
-13.7483 -21.2227 61.3157 -0.171902 -0.459036 0.871628 -0.49985 -0.721795 -0.478708 0 0 0 0 0 0 
-13.7957 -21.6501 60.949 -0.456105 -0.142771 0.878399 -0.686408 -0.571778 -0.449348 0 0 0 0 0 0 
-13.8045 -22.1583 61.0703 -0.916099 0.287316 0.279665 -0.400783 -0.676468 -0.61787 0 0 0 0 0 0 
-14.1234 -22.651 60.9611 -0.573245 0.813238 0.100169 -0.760068 -0.482092 -0.435757 0 0 0 0 0 0 
-14.6356 -22.7637 61.0719 -0.244442 0.778946 -0.577486 -0.58809 -0.592612 -0.550418 0 0 0 0 0 0 
-15.1375 -22.7904 60.993 0.250815 0.272156 -0.92899 -0.743343 -0.560599 -0.364925 0 0 0 0 0 0 
-15.5325 -22.8516 60.7362 0.631301 -0.144032 -0.762046 -0.741709 -0.399173 -0.539007 0 0 0 0 0 0 
-15.7488 -22.7965 60.2861 0.728581 -0.533262 -0.429885 -0.671869 -0.434269 -0.600002 0 0 0 0 0 0 
-15.9771 -22.947 59.7405 0.653784 -0.746713 0.122416 -0.488166 -0.539837 -0.685762 0 0 0 0 0 0 
-15.9765 -23.0774 59.2955 0.148264 -0.798924 0.582871 -0.456633 -0.578099 -0.67623 0 0 0 0 0 0 
-15.9401 -23.4939 58.9619 -0.350703 -0.467769 0.811295 -0.457906 -0.67004 -0.584267 0 0 0 0 0 0 
-15.9099 -24.0249 58.8235 -0.740211 -0.0282767 0.67178 -0.491754 -0.658611 -0.569569 0 0 0 0 0 0 
-16.0766 -24.4913 58.8216 -0.847566 0.37032 0.380124 -0.529759 -0.63281 -0.564719 0 0 0 0 0 0 
-16.3993 -24.9487 58.7997 -0.773591 0.630249 -0.0659083 -0.509614 -0.68057 -0.526421 0 0 0 0 0 0 
-16.8412 -25.2117 58.8653 -0.136285 0.647899 -0.749435 -0.474858 -0.706648 -0.524556 0 0 0 0 0 0 
-17.2123 -25.3369 58.7023 0.0831649 0.542787 -0.835743 -0.787048 -0.478638 -0.389179 0 0 0 0 0 0 
-12.6661 -20.1797 67.2559 -0.103185 -0.0589417 0.992914 -0.636276 -0.763371 -0.111438 0 0 0 0 0 0 
-12.3338 -20.4226 66.6495 -0.429692 -0.0433492 0.901935 -0.714461 -0.594493 -0.36895 0 0 0 0 0 0 
-12.4456 -20.9452 66.7085 -0.747854 0.579015 0.32474 -0.662438 -0.618836 -0.422158 0 0 0 0 0 0 
-12.8372 -21.2076 66.8001 -0.461954 0.803272 -0.375969 -0.716776 -0.587794 -0.37514 0 0 0 0 0 0 
-13.2755 -21.3557 66.8933 0.00453474 0.40146 -0.915865 -0.606797 -0.72688 -0.321625 0 0 0 0 0 0 
-13.7895 -21.5826 66.6618 0.332726 0.542414 -0.771415 -0.637061 -0.473851 -0.607962 0 0 0 0 0 0 
-14.2497 -21.5169 66.4986 0.639036 -0.10982 -0.761297 -0.737786 -0.367384 -0.566304 0 0 0 0 0 0 
-14.4883 -21.4975 66.0839 0.775595 -0.553778 -0.302958 -0.577261 -0.428071 -0.69536 0 0 0 0 0 0 
-14.6175 -21.6147 65.642 0.524237 -0.816162 0.243013 -0.42532 -0.498171 -0.755598 0 0 0 0 0 0 
-14.53 -21.8578 65.1603 0.205824 -0.810746 0.548021 -0.371268 -0.582837 -0.722814 0 0 0 0 0 0 
-14.5556 -22.2543 64.8314 -0.235675 -0.455644 0.858397 -0.547788 -0.667307 -0.504608 0 0 0 0 0 0 
-14.5819 -22.8202 64.7703 -0.71152 -0.0425436 0.701377 -0.43281 -0.759801 -0.485157 0 0 0 0 0 0 
-14.8009 -23.2972 64.6419 -0.726727 0.58272 0.363738 -0.684361 -0.568455 -0.456628 0 0 0 0 0 0 
-15.1356 -23.6616 64.7257 -0.508022 0.84 -0.19056 -0.70728 -0.533085 -0.464301 0 0 0 0 0 0 
-15.5441 -23.9082 64.8314 -0.19289 0.609173 -0.769222 -0.694524 -0.638538 -0.331521 0 0 0 0 0 0 
-16.0584 -24.0624 64.6968 0.305397 0.391611 -0.867971 -0.664262 -0.565487 -0.488857 0 0 0 0 0 0 
-16.4787 -24.0048 64.4645 0.607648 -0.149822 -0.779947 -0.674009 -0.616728 -0.406644 0 0 0 0 0 0 
-16.7758 -23.9744 64.0579 0.672848 -0.593055 -0.442223 -0.736973 -0.48532 -0.470463 0 0 0 0 0 0 
-17.0294 -24.0936 63.6651 0.639242 -0.759063 0.123262 -0.53328 -0.553047 -0.640118 0 0 0 0 0 0 
-16.9942 -24.4099 63.168 0.393121 -0.713829 0.579572 -0.554806 -0.686798 -0.469573 0 0 0 0 0 0 
-16.8585 -24.7278 62.7808 -0.267281 -0.584826 0.765859 -0.544608 -0.56399 -0.62074 0 0 0 0 0 0 
-17.0363 -25.2063 62.6624 -0.657344 0.139972 0.740478 -0.642382 -0.617823 -0.453475 0 0 0 0 0 0 
-17.2108 -25.7021 62.66 -0.794404 0.550561 0.256525 -0.606779 -0.700406 -0.375834 0 0 0 0 0 0 
-17.5532 -26.0928 62.7518 -0.553007 0.772267 -0.312709 -0.586497 -0.627398 -0.512243 0 0 0 0 0 0 
-9.76392 -10.7921 88.714 -0.291924 0.861478 0.415495 -0.14655 -0.469577 0.870644 0 0 0 0 0 0 
-9.44969 -10.8185 88.9822 -0.859088 0.321757 0.398045 0.0805269 -0.683039 0.725929 0 0 0 0 0 0 
-9.31093 -10.8624 89.4736 -0.982446 -0.186547 -0.000247957 0.124181 -0.654987 0.745367 0 0 0 0 0 0 
-9.50174 -10.9064 89.9146 -0.524522 -0.717773 -0.457908 0.0485682 -0.562181 0.825587 0 0 0 0 0 0 
-9.81049 -11.1211 90.3049 0.249739 -0.788476 -0.562082 -0.100901 -0.598506 0.794739 0 0 0 0 0 0 
-10.0447 -11.4336 90.6638 0.392176 -0.628172 -0.67201 -0.174078 -0.768013 0.616322 0 0 0 0 0 0 
-10.2502 -11.8715 90.7481 0.880235 -0.283165 -0.380794 0.0068422 -0.794795 0.606839 0 0 0 0 0 0 
-10.2464 -12.35 90.7533 0.874002 0.247893 0.417934 -0.105199 -0.743158 0.660795 0 0 0 0 0 0 
-10.0701 -12.7468 90.8731 0.607361 0.513951 0.605778 0.178997 -0.831461 0.525959 0 0 0 0 0 0 
-9.703 -13.1325 91.0661 0.252871 0.767934 0.588501 0.315114 -0.640475 0.700354 0 0 0 0 0 0 
-9.33998 -13.2822 91.3674 -0.440905 0.544599 0.713453 0.216678 -0.706793 0.67342 0 0 0 0 0 0 
-9.09136 -13.4289 91.7905 -0.886306 0.228059 0.403051 0.232231 -0.534112 0.812892 0 0 0 0 0 0 
-9.09024 -13.3258 92.2956 -0.949067 -0.312594 0.0394536 0.19714 -0.491471 0.848288 0 0 0 0 0 0 
-9.17609 -13.429 92.7952 -0.665665 -0.557547 -0.496016 0.0627871 -0.704165 0.707255 0 0 0 0 0 0 
-9.43549 -13.6492 93.2041 0.12037 -0.650901 -0.749559 -0.0737052 -0.758824 0.647111 0 0 0 0 0 0 
-9.75484 -14.0691 93.3635 0.704384 -0.438031 -0.558545 -0.0262765 -0.802435 0.596161 0 0 0 0 0 0 
-10.023 -14.3947 93.6631 0.856268 -0.246772 -0.453771 0.0214966 -0.860711 0.50864 0 0 0 0 0 0 
-10.0424 -14.9351 93.6467 0.990077 0.115945 0.0793931 0.0463527 -0.802831 0.594402 0 0 0 0 0 0 
-9.83825 -15.4724 93.669 0.627535 0.517862 0.581394 0.0404902 -0.767424 0.63986 0 0 0 0 0 0 
-9.49849 -15.7936 93.8951 -0.00552652 0.677311 0.735676 0.106547 -0.7311 0.673899 0 0 0 0 0 0 
-9.20354 -16.0182 94.285 -0.430848 0.673663 0.600457 0.0892836 -0.630296 0.771204 0 0 0 0 0 0 
-8.99813 -16.0714 94.7213 -0.852095 0.365304 0.374815 0.149541 -0.516355 0.843217 0 0 0 0 0 0 
-8.93596 -15.953 95.1912 -0.935246 -0.353012 0.0264168 0.211812 -0.498242 0.840768 0 0 0 0 0 0 
-8.97717 -16.071 95.6857 -0.503063 -0.747764 -0.433332 0.175327 -0.57927 0.796057 0 0 0 0 0 0 
-4.17119 -12.9117 90.8583 0.00920531 0.441888 -0.897023 -0.260258 0.867203 0.424528 0 0 0 0 0 0 
-3.91897 -12.4244 91.055 -0.622464 0.329647 -0.709839 -0.216622 0.798972 0.560998 0 0 0 0 0 0 
-3.93644 -11.8855 91.1933 -0.834287 -0.318855 -0.449774 -0.535325 0.663632 0.522513 0 0 0 0 0 0 
-4.25224 -11.4146 91.2256 -0.667737 -0.743534 0.0358343 -0.567621 0.53972 0.621698 0 0 0 0 0 0 
-4.71344 -11.1909 91.389 -0.390187 -0.871621 0.296701 -0.632688 0.48793 0.601357 0 0 0 0 0 0 
-5.27444 -11.1617 91.427 0.165844 -0.64665 0.74454 -0.625762 0.514516 0.586256 0 0 0 0 0 0 
-5.68091 -11.1556 91.657 0.660762 -0.148943 0.73567 -0.621073 0.441896 0.647299 0 0 0 0 0 0 
-5.99734 -11.1119 92.0445 0.880644 0.109453 0.460962 -0.460306 0.428036 0.777756 0 0 0 0 0 0 
-6.09376 -11.0799 92.4812 0.645274 0.748119 -0.154724 -0.424181 0.519303 0.741886 0 0 0 0 0 0 
-6.04387 -10.9217 92.9882 0.208918 0.78699 -0.580517 -0.384109 0.611946 0.691363 0 0 0 0 0 0 
-5.94438 -10.621 93.301 -0.424105 0.588249 -0.688548 -0.313791 0.617758 0.721048 0 0 0 0 0 0 
-5.93475 -10.195 93.5749 -0.816208 0.0596005 -0.574676 -0.410467 0.640177 0.649377 0 0 0 0 0 0 
-5.99076 -9.78683 93.8529 -0.798969 -0.137058 -0.585545 -0.438757 0.798737 0.411719 0 0 0 0 0 0 
-6.14756 -9.29651 93.893 -0.773898 -0.632453 0.0329399 -0.536591 0.682446 0.496324 0 0 0 0 0 0 
-6.50577 -8.94214 93.9593 -0.509721 -0.811615 0.285421 -0.702435 0.584153 0.406632 0 0 0 0 0 0 
-7.04918 -8.85523 94.0527 0.118693 -0.778426 0.616413 -0.712537 0.365579 0.598868 0 0 0 0 0 0 
-7.49834 -8.90074 94.2194 0.577338 -0.202449 0.791009 -0.559945 0.60691 0.564022 0 0 0 0 0 0 
-7.87343 -8.89545 94.6568 0.898284 0.110692 0.425244 -0.378282 0.687208 0.6202 0 0 0 0 0 0 
-8.06392 -8.81425 95.0642 0.810586 0.577884 -0.0948715 -0.358294 0.617525 0.700205 0 0 0 0 0 0 
-7.97736 -8.65302 95.5022 0.200159 0.793466 -0.574759 -0.460785 0.59394 0.659479 0 0 0 0 0 0 
-8.05651 -8.39746 95.9913 -0.165021 0.482406 -0.860263 -0.456373 0.735882 0.500201 0 0 0 0 0 0 
-7.92794 -7.92052 96.1459 -0.693097 0.206498 -0.690634 -0.382125 0.707141 0.594922 0 0 0 0 0 0 
-7.90571 -7.43536 96.2683 -0.923095 -0.326983 -0.202432 -0.368227 0.599665 0.7105 0 0 0 0 0 0 
-8.07032 -7.05977 96.4224 -0.696462 -0.592537 0.404772 -0.391465 0.786468 0.477728 0 0 0 0 0 0 
-7.04544 -15.396 88.271 -0.484922 0.678518 -0.551782 -0.772404 -0.0363692 0.634089 0 0 0 0 0 0 
-7.40386 -15.1632 88.6287 -0.434854 0.0935936 -0.895624 -0.89966 -0.00217647 0.436586 0 0 0 0 0 0 
-7.87206 -14.8568 88.6884 -0.282494 -0.656286 -0.699633 -0.855408 -0.157733 0.493353 0 0 0 0 0 0 
-8.33264 -14.6644 88.662 0.00133275 -0.944254 -0.329215 -0.770535 -0.210811 0.601527 0 0 0 0 0 0 
-8.84 -14.7913 88.6952 0.478598 -0.868492 0.129098 -0.783762 -0.356289 0.5087 0 0 0 0 0 0 
-9.26752 -15.0438 88.6499 0.661342 -0.401651 0.633485 -0.74757 -0.422038 0.512857 0 0 0 0 0 0 
-9.43928 -15.4739 88.8672 0.436365 0.334134 0.835428 -0.824944 -0.222135 0.519734 0 0 0 0 0 0 
-9.61778 -15.841 89.1239 0.0987079 0.790629 0.604287 -0.691243 -0.382358 0.613176 0 0 0 0 0 0 
-9.70823 -16.0577 89.5597 -0.172448 0.958817 0.22568 -0.820724 -0.266553 0.505333 0 0 0 0 0 0 
-9.94086 -16.0689 90.02 -0.341403 0.902463 -0.262688 -0.769475 -0.107858 0.629504 0 0 0 0 0 0 
-10.1119 -16.0005 90.4487 -0.570578 0.5257 -0.630936 -0.762489 -0.0537449 0.644765 0 0 0 0 0 0 
-10.456 -15.6915 90.6487 -0.623355 -0.297954 -0.722947 -0.730386 -0.108283 0.674397 0 0 0 0 0 0 
-10.8552 -15.4562 90.9514 -0.372749 -0.617982 -0.692211 -0.842865 -0.0865262 0.531122 0 0 0 0 0 0 
-11.3941 -15.4354 90.9372 0.133241 -0.979821 -0.148991 -0.789343 -0.195821 0.581887 0 0 0 0 0 0 
-11.8272 -15.5983 90.9958 0.517802 -0.7884 0.332124 -0.836969 -0.386487 0.38744 0 0 0 0 0 0 
-12.2844 -15.9393 91.0031 0.596817 -0.475261 0.64648 -0.799229 -0.423415 0.426558 0 0 0 0 0 0 
-12.5901 -16.3457 91.0493 0.517079 0.110321 0.848798 -0.792964 -0.311592 0.523564 0 0 0 0 0 0 
-12.7524 -16.7309 91.3847 0.152642 0.745691 0.648572 -0.744318 -0.344984 0.571819 0 0 0 0 0 0 
-12.9804 -16.8599 91.7846 -0.0835895 0.98227 0.167804 -0.608889 -0.183648 0.771705 0 0 0 0 0 0 
-12.9609 -16.8733 92.3161 -0.552186 0.7451 -0.374054 -0.730426 -0.216042 0.647923 0 0 0 0 0 0 
-13.1956 -16.7734 92.7547 -0.72241 0.299421 -0.623275 -0.672411 -0.094054 0.734178 0 0 0 0 0 0 
-13.484 -16.5761 93.0959 -0.642325 -0.145745 -0.752448 -0.751497 -0.0731036 0.655673 0 0 0 0 0 0 
-13.9096 -16.2784 93.2118 -0.460863 -0.691121 -0.556738 -0.672035 -0.137953 0.727556 0 0 0 0 0 0 
-14.3767 -16.2638 93.4203 -0.0386069 -0.984729 -0.169758 -0.815987 -0.066991 0.574175 0 0 0 0 0 0 
17.9324 17.1707 76.8594 0.493498 -0.549789 0.673938 0.807469 0.57755 -0.120121 0 0 0 0 0 0 
17.58 17.5376 76.9973 0.536145 -0.821141 0.195641 0.824946 0.558822 0.084751 0 0 0 0 0 0 
17.7613 17.8961 77.327 0.719503 -0.597034 -0.354777 0.674194 0.723057 0.150503 0 0 0 0 0 0 
18.1864 18.1041 77.533 0.361241 -0.244683 -0.899797 0.81589 0.550142 0.177954 0 0 0 0 0 0 
18.7132 18.0485 77.5685 0.0113249 0.339871 -0.940404 0.843815 0.501356 0.191357 0 0 0 0 0 0 
19.2087 18.0461 77.35 -0.394377 0.7847 -0.47824 0.85635 0.502613 0.11851 0 0 0 0 0 0 
19.6923 18.2623 77.1782 -0.697531 0.711731 0.0829994 0.710215 0.70208 -0.0517552 0 0 0 0 0 0 
19.9127 18.7131 76.9542 -0.567937 0.625148 0.535385 0.685014 0.719618 -0.113607 0 0 0 0 0 0 
20.0766 19.1483 76.6614 -0.352517 0.264621 0.897612 0.600085 0.799936 -0.000156237 0 0 0 0 0 0 
20.0474 19.5814 76.5316 0.272932 -0.101099 0.956707 0.674978 0.728733 -0.115551 0 0 0 0 0 0 
20.1479 20.0031 76.8045 0.492507 -0.52272 0.695845 0.614761 0.774896 0.146985 0 0 0 0 0 0 
20.3669 20.3932 77.1373 0.555237 -0.829111 0.0654738 0.826559 0.558831 0.0671442 0 0 0 0 0 0 
20.7755 20.5208 77.3471 0.448058 -0.62629 -0.63797 0.840547 0.538178 0.0620077 0 0 0 0 0 0 
21.1971 20.6548 77.5968 0.211222 -0.194834 -0.957823 0.838752 0.539287 0.0752664 0 0 0 0 0 0 
21.6973 20.6295 77.6678 -0.158123 0.272444 -0.94909 0.818075 0.574401 0.0285912 0 0 0 0 0 0 
22.1401 20.6813 77.5479 -0.412601 0.681143 -0.604818 0.870603 0.490203 -0.0418525 0 0 0 0 0 0 
22.5667 20.8244 77.1974 -0.597812 0.772663 -0.213572 0.800539 0.589351 -0.108641 0 0 0 0 0 0 
22.9442 21.1845 76.9619 -0.72814 0.545457 0.415077 0.618863 0.783499 0.0560209 0 0 0 0 0 0 
23.0928 21.5882 76.6951 -0.213238 0.225068 0.950723 0.767862 0.640283 0.0206473 0 0 0 0 0 0 
23.2381 22.0521 76.6323 0.165363 -0.307427 0.937093 0.544428 0.820735 0.173182 0 0 0 0 0 0 
23.2531 22.5122 76.8726 0.577047 -0.611251 0.541654 0.659984 0.739665 0.131594 0 0 0 0 0 0 
23.4721 22.7891 77.2578 0.650464 -0.75719 0.059656 0.674099 0.611704 0.414015 0 0 0 0 0 0 
23.7667 22.986 77.6455 0.573072 -0.587682 -0.571155 0.78953 0.582701 0.192618 0 0 0 0 0 0 
24.2283 22.8853 77.8215 0.171119 0.171505 -0.970208 0.807934 0.539158 0.237805 0 0 0 0 0 0 
10.7286 21.2343 74.3226 0.503865 -0.197415 0.840921 0.306355 0.951089 0.0397164 0 0 0 0 0 0 
10.6308 21.6488 74.5368 0.872126 -0.379308 0.309065 0.359935 0.925246 0.11986 0 0 0 0 0 0 
10.734 21.9288 74.8215 0.846967 -0.140494 -0.512746 0.237126 0.963034 0.127817 0 0 0 0 0 0 
11.0357 22.1599 75.1477 0.631112 -0.182089 -0.754017 0.50908 0.830654 0.225504 0 0 0 0 0 0 
11.3868 22.3143 75.3917 0.0602986 0.286823 -0.956084 0.533251 0.800436 0.27376 0 0 0 0 0 0 
11.8546 22.5494 75.4563 -0.393234 0.426675 -0.814442 0.535839 0.826175 0.174104 0 0 0 0 0 0 
12.1431 22.9186 75.2676 -0.872444 0.438124 -0.216538 0.379796 0.886666 0.263779 0 0 0 0 0 0 
12.226 23.2952 75.0096 -0.744139 0.324193 0.584086 0.431488 0.900744 0.0497748 0 0 0 0 0 0 
12.3563 23.8071 74.9908 -0.770334 -0.0271989 0.637061 0.0914532 0.984048 0.152599 0 0 0 0 0 0 
12.159 24.3012 75.0247 -0.0653582 -0.327947 0.942433 0.256407 0.907221 0.333476 0 0 0 0 0 0 
12.0103 24.7088 75.256 0.43187 -0.496107 0.753237 0.209412 0.867466 0.451276 0 0 0 0 0 0 
11.9213 25.027 75.6161 0.815361 -0.45359 0.359782 0.306707 0.865484 0.396067 0 0 0 0 0 0 
11.9538 25.3241 76.024 0.891614 -0.157378 -0.424566 0.200411 0.977972 0.058359 0 0 0 0 0 0 
12.2958 25.6354 76.2764 0.540546 -0.0581401 -0.839303 0.458045 0.857132 0.235625 0 0 0 0 0 0 
12.7614 25.8331 76.3731 0.129501 0.140266 -0.981608 0.501652 0.844643 0.186876 0 0 0 0 0 0 
13.209 25.9853 76.5588 -0.418742 0.471508 -0.776103 0.491544 0.8363 0.242871 0 0 0 0 0 0 
13.6159 26.2641 76.4856 -0.788242 0.422934 -0.446992 0.377264 0.905995 0.191952 0 0 0 0 0 0 
13.839 26.7771 76.4075 -0.980316 0.196925 0.0142062 0.194472 0.950673 0.241664 0 0 0 0 0 0 
13.84 27.2479 76.3141 -0.814639 -0.00756262 0.579919 0.199944 0.934952 0.293064 0 0 0 0 0 0 
13.5633 27.6499 76.2602 -0.0112962 -0.0684592 0.99759 0.00512323 0.997637 0.0685204 0 0 0 0 0 0 
13.3458 28.1732 76.4146 0.488117 -0.383812 0.783856 0.153729 0.921883 0.355667 0 0 0 0 0 0 
13.3198 28.5334 76.7344 0.7797 -0.528614 0.335612 0.387632 0.82843 0.404284 0 0 0 0 0 0 
13.3151 28.7609 77.1801 0.88943 -0.445277 -0.103164 0.429755 0.737832 0.520495 0 0 0 0 0 0 
13.6083 28.96 77.6599 0.61408 -0.129123 -0.77861 0.312011 0.94588 0.0892164 0 0 0 0 0 0 
17.436 18.3122 81.7317 0.398056 -0.563194 0.72413 0.380554 0.819614 0.428265 0 0 0 0 0 0 
17.3956 18.6241 82.1054 0.870963 -0.489054 0.0474215 0.431409 0.807341 0.4026 0 0 0 0 0 0 
17.6072 18.7898 82.5257 0.842411 -0.369786 -0.391921 0.53121 0.691874 0.489005 0 0 0 0 0 0 
17.8434 18.9308 82.8967 0.611997 0.184605 -0.769013 0.503207 0.659254 0.55872 0 0 0 0 0 0 
18.2559 19.0863 83.0873 -0.0660185 0.572246 -0.81742 0.511966 0.722583 0.464505 0 0 0 0 0 0 
18.7027 19.3258 83.0881 -0.62241 0.632404 -0.461163 0.463787 0.772614 0.433554 0 0 0 0 0 0 
18.9611 19.7951 83.0281 -0.914143 0.382809 0.133419 0.400563 0.802286 0.442591 0 0 0 0 0 0 
19.1629 20.2907 82.9697 -0.846384 0.171991 0.504037 0.371193 0.869175 0.326725 0 0 0 0 0 0 
19.1201 20.7661 83.009 -0.373805 -0.286891 0.882022 0.416446 0.797801 0.435989 0 0 0 0 0 0 
19.1465 21.2293 83.3087 -0.257973 -0.702518 0.663263 0.414001 0.5399 0.732879 0 0 0 0 0 0 
18.985 21.5155 83.5974 0.581732 -0.6846 0.439217 0.393327 0.709425 0.584816 0 0 0 0 0 0 
19.0198 21.6352 84.0774 0.911244 -0.41166 0.0130605 0.327457 0.743357 0.58326 0 0 0 0 0 0 
19.0982 21.7837 84.567 0.857211 -0.164403 -0.488017 0.473765 0.623193 0.622236 0 0 0 0 0 0 
19.556 21.6981 84.939 0.469409 0.352446 -0.809591 0.322795 0.784922 0.528867 0 0 0 0 0 0 
19.9516 22.0195 85.0656 0.1548 0.397832 -0.904304 0.502905 0.756138 0.418737 0 0 0 0 0 0 
20.3647 22.2357 85.1628 -0.653124 0.564909 -0.504289 0.471587 0.824472 0.312811 0 0 0 0 0 0 
20.682 22.5528 85.0291 -0.787822 0.596586 0.153041 0.604638 0.701848 0.376592 0 0 0 0 0 0 
20.9105 23.0149 85.0536 -0.862076 0.180921 0.473384 0.351211 0.886694 0.300706 0 0 0 0 0 0 
20.9455 23.5229 85.0667 -0.59818 -0.244676 0.763095 0.285041 0.825009 0.487967 0 0 0 0 0 0 
20.8492 23.9592 85.3143 -0.0573161 -0.655272 0.753215 0.23815 0.723702 0.647719 0 0 0 0 0 0 
20.6001 24.2398 85.6242 0.631123 -0.572801 0.52305 0.272582 0.795079 0.541802 0 0 0 0 0 0 
20.6232 24.4765 86.0522 0.855871 -0.513172 0.064339 0.355378 0.67391 0.647728 0 0 0 0 0 0 
20.7958 24.6243 86.5253 0.930659 -0.158642 -0.329706 0.355529 0.604988 0.712452 0 0 0 0 0 0 
21.1825 24.7839 86.861 0.42322 0.400246 -0.812827 0.327642 0.768809 0.549166 0 0 0 0 0 0 
8.88917 18.3665 53.6757 -0.374036 0.767423 0.520729 0.413383 0.640581 -0.647124 0 0 0 0 0 0 
8.80885 18.6588 53.2846 0.235664 0.529356 0.815012 0.517778 0.641303 -0.566248 0 0 0 0 0 0 
8.94304 19.1895 53.0079 0.494635 0.00462058 0.869088 0.790701 0.412666 -0.452216 0 0 0 0 0 0 
9.27961 19.6433 52.948 0.488084 -0.350861 0.799169 0.836007 0.450978 -0.312588 0 0 0 0 0 0 
9.62762 19.9886 53.0491 0.480408 -0.865616 0.141128 0.835132 0.402338 -0.375072 0 0 0 0 0 0 
10.1038 20.1345 53.1905 0.142468 -0.768476 -0.623817 0.781757 0.473922 -0.405283 0 0 0 0 0 0 
10.6008 20.1797 53.2583 -0.204852 -0.496079 -0.843766 0.709945 0.51813 -0.476989 0 0 0 0 0 0 
11.0299 20.0661 53.1168 -0.46537 0.127726 -0.875852 0.84801 0.347851 -0.39985 0 0 0 0 0 0 
11.4048 19.9869 52.8293 -0.453645 0.613295 -0.646588 0.891183 0.312103 -0.329219 0 0 0 0 0 0 
11.7682 20.0477 52.4411 -0.427628 0.880275 -0.205548 0.799311 0.262021 -0.540784 0 0 0 0 0 0 
12.0025 20.2389 52.0082 -0.361647 0.915641 0.175534 0.701955 0.391329 -0.59508 0 0 0 0 0 0 
12.1337 20.5006 51.6378 0.067602 0.580708 0.8113 0.698137 0.553389 -0.454274 0 0 0 0 0 0 
12.2628 20.9963 51.4781 0.225896 0.0921352 0.969784 0.575107 0.790903 -0.209103 0 0 0 0 0 0 
12.3197 21.4815 51.4815 0.727127 -0.306306 0.614381 0.630794 0.651252 -0.421864 0 0 0 0 0 0 
12.6798 21.9591 51.5023 0.624321 -0.679608 0.38517 0.780344 0.565225 -0.267553 0 0 0 0 0 0 
13.0123 22.2319 51.5682 0.40169 -0.844517 -0.354169 0.787735 0.515874 -0.336673 0 0 0 0 0 0 
13.5454 22.3354 51.5282 -0.108076 -0.697176 -0.708706 0.80254 0.359548 -0.476083 0 0 0 0 0 0 
14.0003 22.123 51.4421 -0.363018 0.158539 -0.918196 0.917945 0.23004 -0.323199 0 0 0 0 0 0 
14.4564 21.9149 51.1611 -0.452513 0.572199 -0.683974 0.891215 0.263425 -0.369246 0 0 0 0 0 0 
14.7894 21.9378 50.7288 -0.457734 0.884974 -0.0854409 0.773907 0.349285 -0.528268 0 0 0 0 0 0 
15.0255 22.0498 50.2434 -0.394166 0.83842 0.376411 0.671708 0.542351 -0.504642 0 0 0 0 0 0 
15.0704 22.4038 49.9147 0.323181 0.48987 0.80968 0.635315 0.52181 -0.569288 0 0 0 0 0 0 
15.1563 22.7263 49.567 0.56203 0.0608543 0.824875 0.633425 0.609642 -0.47656 0 0 0 0 0 0 
15.3013 23.1879 49.4111 0.707515 -0.55342 0.439486 0.705856 0.523051 -0.477687 0 0 0 0 0 0 
6.22429 11.9828 49.6732 0.507269 0.285165 0.81324 0.396638 0.760521 -0.514087 0 0 0 0 0 0 
6.30066 12.5461 49.613 0.930626 -0.293344 0.218826 0.365844 0.729841 -0.577487 0 0 0 0 0 0 
6.54227 12.9731 49.609 0.591113 -0.596078 -0.543393 0.375978 0.799651 -0.468187 0 0 0 0 0 0 
6.9875 13.3137 49.501 -0.0580984 -0.668964 -0.741021 0.541907 0.602264 -0.586187 0 0 0 0 0 0 
7.383 13.3772 49.1538 -0.490509 -0.57113 -0.658188 0.470215 0.46244 -0.751696 0 0 0 0 0 0 
7.70341 13.4629 48.6848 -0.943446 -0.0853875 -0.32034 0.198586 0.628174 -0.752304 0 0 0 0 0 0 
7.82916 13.4656 48.1761 -0.998366 -0.0122358 -0.0558143 0.0429704 0.483074 -0.874525 0 0 0 0 0 0 
7.73433 13.3933 47.7127 -0.6135 0.77651 0.143701 0.374044 0.445999 -0.813127 0 0 0 0 0 0 
7.66768 13.586 47.2545 -0.0965738 0.866559 0.489641 0.359683 0.48908 -0.794625 0 0 0 0 0 0 
7.44565 13.98 46.9762 0.693505 0.554298 0.460223 0.218126 0.447272 -0.867392 0 0 0 0 0 0 
7.31689 14.4097 46.822 0.957945 0.127356 0.257143 0.124698 0.622326 -0.772762 0 0 0 0 0 0 
7.32549 14.8254 46.5595 0.922347 -0.384725 -0.035529 0.300558 0.772253 -0.559724 0 0 0 0 0 0 
7.61494 15.2017 46.4343 0.576982 -0.72526 -0.37562 0.473019 0.671637 -0.570225 0 0 0 0 0 0 
8.08521 15.3798 46.4868 -0.0457645 -0.532821 -0.84499 0.503992 0.718014 -0.48005 0 0 0 0 0 0 
8.45249 15.5313 46.129 -0.646768 -0.284739 -0.707541 0.472766 0.578293 -0.664883 0 0 0 0 0 0 
8.81418 15.6476 45.7411 -0.883263 -0.148376 -0.444781 0.3205 0.501337 -0.803704 0 0 0 0 0 0 
8.90552 15.5891 45.2299 -0.821523 0.57 -0.0141573 0.284572 0.388375 -0.876461 0 0 0 0 0 0 
8.94896 15.71 44.7084 -0.736428 0.578151 0.351306 -0.035188 0.48585 -0.873334 0 0 0 0 0 0 
8.75351 15.878 44.297 -0.122296 0.779426 0.614441 0.134761 0.626396 -0.767768 0 0 0 0 0 0 
8.51484 16.1484 43.9289 0.470346 0.60794 0.639674 0.0845422 0.690483 -0.718392 0 0 0 0 0 0 
8.36691 16.6419 43.8368 0.882923 0.262509 0.389276 0.113005 0.685914 -0.718855 0 0 0 0 0 0 
8.40456 17.151 43.7347 0.913033 -0.391137 -0.115686 0.19185 0.662104 -0.724439 0 0 0 0 0 0 
8.67919 17.6197 43.5271 0.630965 -0.75038 -0.19701 0.474725 0.574286 -0.666958 0 0 0 0 0 0 
9.16159 17.891 43.4211 0.0712042 -0.833188 -0.548386 0.590379 0.478341 -0.65011 0 0 0 0 0 0 
12.496 9.76445 48.3817 0.81918 -0.267227 0.507479 0.572777 0.335633 -0.747848 0 0 0 0 0 0 
12.8978 10.0582 48.1154 0.65113 -0.710682 0.266384 0.711783 0.44998 -0.539336 0 0 0 0 0 0 
13.3063 10.3026 48.1155 0.255749 -0.827725 -0.499463 0.770497 0.486563 -0.411814 0 0 0 0 0 0 
13.7924 10.2553 48.1273 -0.120587 -0.409729 -0.904202 0.723009 0.587894 -0.36282 0 0 0 0 0 0 
14.2388 10.2834 47.8099 -0.646677 -0.125119 -0.752432 0.703083 0.284739 -0.651612 0 0 0 0 0 0 
14.5499 10.1385 47.4392 -0.814668 0.341476 -0.468733 0.570949 0.330587 -0.751485 0 0 0 0 0 0 
14.6838 10.1387 46.9678 -0.682116 0.723675 -0.104942 0.469564 0.323468 -0.82151 0 0 0 0 0 0 
14.6666 10.1767 46.454 -0.0349855 0.915144 0.401606 0.452587 0.372791 -0.810057 0 0 0 0 0 0 
14.6802 10.4564 45.9711 0.38752 0.56244 0.730404 0.546699 0.497738 -0.673333 0 0 0 0 0 0 
14.7283 10.9625 45.7412 0.643729 -0.0518867 0.763493 0.745767 0.266251 -0.610689 0 0 0 0 0 0 
15.0338 11.3566 45.61 0.589318 -0.438925 0.678269 0.789749 0.489943 -0.369123 0 0 0 0 0 0 
15.2593 11.8327 45.6066 0.54063 -0.837345 0.0810707 0.741742 0.42899 -0.515546 0 0 0 0 0 0 
15.7119 12.064 45.6235 0.163565 -0.91544 -0.367717 0.78444 0.346719 -0.514237 0 0 0 0 0 0 
16.2391 12.0386 45.5735 -0.289276 -0.62544 -0.724669 0.785123 0.278073 -0.553405 0 0 0 0 0 0 
16.6936 11.9258 45.3552 -0.679518 -0.10365 -0.7263 0.645667 0.385605 -0.659108 0 0 0 0 0 0 
17.0438 11.8624 44.9838 -0.886961 0.267264 -0.376657 0.453578 0.350472 -0.819412 0 0 0 0 0 0 
17.1805 11.781 44.4634 -0.731956 0.669661 -0.125676 0.4705 0.363359 -0.804114 0 0 0 0 0 0 
17.1409 11.855 43.9229 -0.0863928 0.933703 0.347469 0.594949 0.328106 -0.733746 0 0 0 0 0 0 
17.2316 12.1536 43.5155 0.318138 0.685168 0.655235 0.502653 0.464096 -0.729352 0 0 0 0 0 0 
17.193 12.6531 43.2711 0.871217 0.0435017 0.488967 0.425803 0.428694 -0.796815 0 0 0 0 0 0 
17.3416 13.0919 43.0105 0.850845 -0.368719 0.374312 0.525257 0.614532 -0.588604 0 0 0 0 0 0 
17.6514 13.5447 43.0313 0.728172 -0.676311 -0.111218 0.575147 0.691204 -0.437542 0 0 0 0 0 0 
18.1743 13.7478 42.9783 0.0240848 -0.708355 -0.705446 0.591741 0.578857 -0.561041 0 0 0 0 0 0 
18.6038 13.7657 42.5588 -0.276848 -0.714971 -0.642006 0.678576 0.327587 -0.657436 0 0 0 0 0 0 
-13.3334 22.4061 71.1331 0.400342 0.0945286 0.911477 -0.0709025 0.994879 -0.0720361 0 0 0 0 0 0 
-13.532 22.8985 71.281 0.886455 -0.0122403 0.462652 0.173439 0.935588 -0.307561 0 0 0 0 0 0 
-13.3691 23.3926 71.4176 0.832767 -0.374211 -0.408002 0.153784 0.864322 -0.478851 0 0 0 0 0 0 
-13.0248 23.8262 71.5453 0.555933 -0.389964 -0.734075 0.262929 0.920277 -0.289758 0 0 0 0 0 0 
-12.6354 24.2798 71.4921 -0.0826451 -0.284413 -0.955133 0.200774 0.934009 -0.295495 0 0 0 0 0 0 
-12.3501 24.564 71.3297 -0.738772 -0.0821546 -0.66893 0.126169 0.958136 -0.257016 0 0 0 0 0 0 
-12.2365 24.8975 70.9661 -0.967944 -0.034685 -0.248758 0.0750251 0.905272 -0.418154 0 0 0 0 0 0 
-12.1508 25.1315 70.5311 -0.955979 0.157494 0.247587 0.0720168 0.943878 -0.322347 0 0 0 0 0 0 
-12.2882 25.3444 70.0798 -0.577934 0.397935 0.712488 0.000816218 0.87334 -0.487111 0 0 0 0 0 0 
-12.5926 25.8345 69.9668 -0.0492074 0.224968 0.973123 -0.0892551 0.969415 -0.228624 0 0 0 0 0 0 
-12.8901 26.2262 70.0131 0.67926 0.2103 0.703121 -0.0235886 0.963826 -0.265488 0 0 0 0 0 0 
-13.0568 26.7536 70.103 0.954933 0.0738665 0.287483 -0.000670356 0.969074 -0.246769 0 0 0 0 0 0 
-13.0589 27.2215 70.1838 0.937287 -0.231042 -0.260984 0.16768 0.955297 -0.243499 0 0 0 0 0 0 
-12.6767 27.5382 70.361 0.44338 -0.0997389 -0.890767 -0.0499476 0.989496 -0.135655 0 0 0 0 0 0 
-12.2984 27.9289 70.3504 -0.0723649 -0.172787 -0.982297 0.223779 0.956957 -0.184815 0 0 0 0 0 0 
-11.9381 28.2011 70.1142 -0.717055 -0.0562429 -0.694744 0.286062 0.885182 -0.366909 0 0 0 0 0 0 
-11.6496 28.4779 69.8066 -0.981123 0.0650644 -0.18211 0.130058 0.918922 -0.372381 0 0 0 0 0 0 
-11.6731 28.6668 69.3703 -0.863632 0.392144 0.3168 0.206544 0.848496 -0.487231 0 0 0 0 0 0 
-11.7667 29.0515 69.0037 -0.509711 0.257632 0.820865 -0.0510099 0.943383 -0.327759 0 0 0 0 0 0 
-12.1628 29.4931 68.801 0.214749 0.396118 0.892734 -0.139554 0.917125 -0.373371 0 0 0 0 0 0 
-12.3867 30.0169 68.7879 0.603834 0.105924 0.790041 0.0103395 0.990007 -0.140637 0 0 0 0 0 0 
-12.664 30.3877 69.0145 0.992858 0.0344798 0.114215 -0.0255353 0.996558 -0.0788706 0 0 0 0 0 0 
-12.5651 30.8968 69.1689 0.894937 -0.203513 -0.397078 0.0933566 0.955631 -0.27938 0 0 0 0 0 0 
-12.3631 31.4129 69.1878 0.295197 -0.400831 -0.867291 0.117817 0.916086 -0.383281 0 0 0 0 0 0 
-7.37712 24.2629 65.8401 -0.570722 -0.163293 0.804744 0.38145 0.815147 0.435926 0 0 0 0 0 0 
-7.48011 24.7537 65.998 0.0917334 -0.478528 0.873267 0.506839 0.777307 0.372703 0 0 0 0 0 0 
-7.55365 25.0742 66.3368 0.644425 -0.578185 0.500418 0.461052 0.815885 0.348946 0 0 0 0 0 0 
-7.41199 25.5353 66.6567 0.738296 -0.659209 -0.142696 0.665809 0.678501 0.31038 0 0 0 0 0 0 
-7.12065 25.6318 67.0088 0.7118 -0.163286 -0.683139 0.616349 0.611623 0.496015 0 0 0 0 0 0 
-6.66797 25.8326 67.134 0.269564 -0.0341887 -0.962375 0.663676 0.730722 0.159938 0 0 0 0 0 0 
-6.21371 26.0217 67.1878 -0.240664 0.348055 -0.906057 0.657243 0.745349 0.111745 0 0 0 0 0 0 
-5.77881 26.3057 67.1292 -0.61531 0.537493 -0.576623 0.648454 0.761054 0.0174489 0 0 0 0 0 0 
-5.4354 26.5961 66.8556 -0.857477 0.512327 -0.0474778 0.514468 0.852384 -0.0936197 0 0 0 0 0 0 
-5.21472 26.89 66.5597 -0.687527 0.337295 0.64307 0.443455 0.896288 0.00400314 0 0 0 0 0 0 
-5.08608 27.4492 66.5433 -0.389117 0.00323775 0.921183 0.279962 0.953109 0.114909 0 0 0 0 0 0 
-5.25761 27.906 66.5616 0.417141 -0.0712919 0.906042 0.292918 0.954267 -0.0597727 0 0 0 0 0 0 
-5.34628 28.3506 66.7485 0.812823 -0.279946 0.510832 0.164832 0.951643 0.259242 0 0 0 0 0 0 
-5.34048 28.6048 67.2295 0.968885 -0.243129 0.0463699 0.207561 0.900171 0.382897 0 0 0 0 0 0 
-4.98705 28.9092 67.6371 0.82501 -0.349993 -0.443694 0.496235 0.824327 0.272462 0 0 0 0 0 0 
-4.57354 29.2238 67.8411 0.420303 -0.272612 -0.865464 0.574982 0.817881 0.0216097 0 0 0 0 0 0 
-4.14813 29.3607 67.9107 -0.0856996 0.178657 -0.980172 0.568016 0.817011 0.0992536 0 0 0 0 0 0 
-3.69248 29.6352 67.6898 -0.735497 0.376963 -0.562976 0.410146 0.909102 0.0728929 0 0 0 0 0 0 
-3.36745 29.8288 67.464 -0.82483 0.520002 0.221931 0.55186 0.825817 0.116092 0 0 0 0 0 0 
-3.22102 30.2481 67.2372 -0.537539 0.324759 0.778193 0.536599 0.843633 0.0185884 0 0 0 0 0 0 
-3.21254 30.7524 67.1492 -0.299375 0.118123 0.946795 0.409731 0.91207 0.0157654 0 0 0 0 0 0 
-3.33149 31.2704 67.1539 0.214639 -0.271735 0.938131 0.563565 0.818946 0.108272 0 0 0 0 0 0 
-3.28174 31.7925 67.3045 0.595079 -0.425133 0.682013 0.365043 0.899018 0.241891 0 0 0 0 0 0 
-3.33794 32.1823 67.5943 0.912226 -0.404662 -0.0639777 0.408683 0.909755 0.0729625 0 0 0 0 0 0 
-14.2639 21.1426 67.6661 0.0815175 -0.243187 0.966548 -0.561771 0.789839 0.246105 0 0 0 0 0 0 
-14.5964 21.2106 67.9955 0.589871 0.508315 0.62743 -0.760389 0.611169 0.219729 0 0 0 0 0 0 
-14.8986 21.5177 68.2991 0.803302 0.595518 0.00806749 -0.576727 0.774432 0.26008 0 0 0 0 0 0 
-15.1475 21.9405 68.5566 0.790402 0.361468 -0.494576 -0.400131 0.915967 0.0299819 0 0 0 0 0 0 
-15.1198 22.3382 68.7851 0.163255 0.26597 -0.950057 -0.510075 0.847041 0.149481 0 0 0 0 0 0 
-15.0555 22.8003 68.7073 -0.539958 -0.0730707 -0.838514 -0.479373 0.845562 0.235005 0 0 0 0 0 0 
-14.9771 23.2787 68.748 -0.671464 -0.388208 -0.631214 -0.482504 0.875532 -0.0251969 0 0 0 0 0 0 
-14.9763 23.7601 68.563 -0.82339 -0.561781 -0.080198 -0.560036 0.827248 -0.0449372 0 0 0 0 0 0 
-15.2962 24.0161 68.2866 -0.659295 -0.502319 0.55947 -0.646585 0.75854 -0.0809009 0 0 0 0 0 0 
-15.8263 24.2488 68.1694 -0.15396 -0.289723 0.944647 -0.493724 0.850693 0.180439 0 0 0 0 0 0 
-16.3313 24.315 68.2384 0.342762 0.218578 0.91364 -0.513575 0.857952 -0.0125825 0 0 0 0 0 0 
-16.6821 24.5364 68.3316 0.770084 0.511485 0.381254 -0.507291 0.853353 -0.120184 0 0 0 0 0 0 
-16.9532 24.8808 68.5779 0.906364 0.413955 0.0845269 -0.422284 0.881236 0.212368 0 0 0 0 0 0 
-17.1362 25.1157 68.9944 0.795406 0.486819 -0.361022 -0.480238 0.869623 0.114576 0 0 0 0 0 0 
-17.1164 25.5721 69.2654 0.201659 0.204034 -0.957969 -0.515804 0.853572 0.0732184 0 0 0 0 0 0 
-17.1002 26.0361 69.3989 -0.301855 -0.0295732 -0.952895 -0.545455 0.825116 0.14718 0 0 0 0 0 0 
-17.0606 26.5319 69.2647 -0.70245 -0.302881 -0.64407 -0.298844 0.946813 -0.119318 0 0 0 0 0 0 
-17.2356 26.8649 68.8531 -0.908641 -0.401132 0.116036 -0.409448 0.910427 -0.0589471 0 0 0 0 0 0 
-17.5209 27.2011 68.5476 -0.68747 -0.361695 0.629731 -0.521008 0.849726 -0.0807261 0 0 0 0 0 0 
-17.8883 27.5056 68.3088 -0.0912668 -0.28306 0.95475 -0.580207 0.794322 0.180034 0 0 0 0 0 0 
-18.3648 27.5878 68.4974 0.320851 0.143033 0.936267 -0.704045 0.697254 0.134751 0 0 0 0 0 0 
-18.798 27.6879 68.7785 0.689383 0.405347 0.60037 -0.643648 0.723017 0.250924 0 0 0 0 0 0 
-19.1352 28.0092 69.1231 0.876976 0.409568 0.251333 -0.479591 0.778754 0.404395 0 0 0 0 0 0 
-19.1913 28.2992 69.5317 0.553988 0.647805 -0.522921 -0.49581 0.761299 0.417846 0 0 0 0 0 0 
